   1.0000000000000000     
   6.9109999999999170     
   6.9108122234436262     
   6.9106263937315173     
   6.9104425108327687     
   6.9102605747165633     
   6.9100805853520804     
   6.9099025427085001     
   6.9097264467550046     
   6.9095522974607766     
   6.9093800947949955     
   6.9092098387268424     
   6.9090415292254974     
   6.9088751662601426     
   6.9087107497999583     
   6.9085482798141244     
   6.9083877562718223     
   6.9082291791422312     
   6.9080725483945331     
   6.9079178639979073     
   6.9077651259215349     
   6.9076143341345979     
   6.9074654886062747     
   6.9073185893057465     
   6.9071736362021943     
   6.9070306292647965     
   6.9068895684627352     
   6.9067504537651914     
   6.9066132851413435     
   6.9064780625603728     
   6.9064245184113595     
   6.9063712856223054     
   6.9063183641912360     
   6.9062920202342051     
   6.9062657541159327     
   6.9062395658361693     
   6.4707412147414916     
   6.2097371197293239     
   6.1227832635595147     
   6.0979460133540337     
   6.0731154494839235     
   6.0483007522099070     
   5.9739515404571408     
   5.8503492592141262     
   5.6042987434154359     
   5.3597336864080054     
   5.1166008000363208     
   4.8748467753358167     
   4.1575378786496540     
   3.6851588669210185     
   3.2170138166853413     
   2.7526748264781720     
   2.2917138609037195     
   1.8337030779184125     
   1.3782153156656867     
  0.79193442334065356     
  0.20825817986964318     
  -3.5314683790648609E-002
 -0.17596486151076124     
 -0.31415697233829365     
 -0.45133258776425134     
 -0.58783694291525312     
 -0.72381375256442726     
 -0.86519522480660505     
  -1.0035909471937239     
  -1.1392337570190672     
  -1.2726176731718475     
  -1.4040832552068150     
  -1.5338759282884262     
  -1.6621787770757828     
  -1.7891322075248592     
  -1.9148463514196918     
  -2.0394092239534611     
  -2.1628922768143046     
  -2.2853542903388937     
  -2.4068441707283039     
  -2.5274030045562768     
  -2.6470655968353993     
  -2.7658616420676454     
  -2.8838166293945044     
  -3.0009525517658444     
  -3.1172884684184843     
  -3.2328409560221774     
  -3.3476244742573034     
  -3.4616516648676399     
  -3.5749335984479336     
  -3.6874799797716751     
  -3.7992993199366953     
  -3.9103990817338139     
  -4.0207858032409494     
  -4.1304652035832419     
  -4.2394422739879767     
  -4.3332121386178972     
  -4.4264661175660569     
  -4.5192135202038903     
  -4.7488123615880466     
  -4.9752585841043597     
  -5.1985518500259271     
  -5.4186882972980328     
  -5.6356612817918297     
  -5.8494619952077969     
  -6.0600799865516084     
  -6.2675036070227161     
  -6.4717203926670210     
  -6.6727173953818122     
  -6.8704814702590671     
  -7.0649995254386511     
  -7.2562587393657854     
  -7.4442467494376032     
  -7.6289518153658058     
  -7.8103629600968967     
  -7.9884700907633288     
  -8.1632641018506842     
  -8.3347369625319541     
  -8.5028817899228422     
  -8.8291360921361637     
  -9.1420304405991164     
  -9.4415553144905253     
  -9.7277231856671609     
  -10.000568780038513     
  -10.260149055524121     
  -10.506542961807661     
  -10.739851029931575     
  -10.960194826338970     
  -11.167716295899520     
  -11.362577011273650     
  -11.544957341146075     
  -11.715055546870804     
  -11.873086815433144     
  -12.019282235933492     
  -12.153887726691995     
  -12.277162920296211     
  -12.389380014270440     
  -12.490822595398075     
  -12.581784445990966     
  -12.662568340522867     
  -12.733484841007680     
  -12.794851099307037     
  -12.846989674208913     
  -12.890227370650244     
  -12.924894107886342     
  -12.951321822764234     
  -12.969843413559754     
  -12.984167330353301     
  -12.953821108862128     
  -12.830223689431076     
  -12.688090484570257     
  -12.373895623364836     
  -11.994323023346288     
  -11.574998890777975     
  -11.053646902613734     
  -10.530777373254775     
  -10.020430250715410     
  -9.5323208510225879     
  -9.0727566858620463     
  -8.6454028742376714     
  -8.2519217479293712     
  -7.8924943989721754     
  -7.5662399846255184     
  -7.2715497506488092     
  -7.0063508135648513     
  -6.5574556640091863     
  -6.1973433452790410     
  -5.9076844884052715     
  -5.6730693638043261     
  -5.4813052742449315     
  -5.3231090648123667     
  -5.1915398662372212     
  -5.0813873357864496     
  -4.9132772889901091     
  -4.7509293064733509     
  -4.7133237053098780     
  -4.7100448589882680     
  -4.7100006523908142     
  -4.7099999786126601     
  -4.7099999978197626     
  -4.7099999997842010     
