   1.0000000000000000     
   6.7083333333342869     
   6.2754781604467329     
   5.9745479477207102     
   5.7643330476362431     
   5.6080535009523027     
   5.4747344397035551     
   5.3398376035985029     
   5.1852145139924808     
   4.9985498604566212     
   4.7724986751573262     
   4.5037031632632694     
   4.1918291199184727     
   3.8387092820416822     
   3.4476352965574510     
   3.0228068942903570     
   2.5689265942622588     
   2.0909184219691226     
   1.5937466217604632     
   1.0823123829844152     
  0.87508783268322488     
  0.66665079891926027     
  0.45730122895325820     
  0.35239599475814837     
  0.24737424268567870     
  0.14227301423400671     
   8.9706466081936456E-002
   5.8163655816574331E-002
   4.7649127180563154E-002
   4.4644949761329891E-002
   4.1640748977270062E-002
   3.8636499742158867E-002
   2.9623504402106277E-002
   1.4601450665055417E-002
  -6.4450767991440731E-003
  -1.9161989304188626E-002
  -3.0714020429028849E-002
  -4.1639818536810994E-002
  -7.1985652313284632E-002
  -9.1053567262376622E-002
 -0.10938615514172627     
 -0.12709705738994106     
 -0.14426226671994885     
 -0.16093652160656807     
 -0.17716134203150846     
 -0.19090102356792560     
 -0.20448809970462656     
 -0.21798676664773581     
 -0.23140194824563215     
 -0.24473770168865688     
 -0.25799739857557991     
 -0.27118386013792434     
 -0.28429946009733387     
 -0.29887351408372953     
 -0.31250836679976601     
 -0.32500346040734446     
 -0.33641966661518186     
 -0.34680858391200931     
 -0.35621450741488986     
 -0.36467586965588072     
 -0.37222631537792222     
 -0.37889551711624359     
 -0.38470980328507942     
 -0.38969264803225545     
 -0.39386505736506194     
 -0.39724587612518292     
 -0.39985203357445526     
 -0.40169874058115829     
 -0.40279964799307549     
 -0.40316697331090862     
 -0.40281160094374185     
 -0.40174315994073762     
 -0.39997008201400230     
 -0.39749964179947650     
 -0.39433798057393876     
 -0.39049011400062428     
 -0.38595992386645611     
 -0.38075013315693584     
 -0.37486226314596394     
 -0.36829657040831004     
 -0.36105196073872492     
 -0.35312587584335786     
 -0.34614531985884428     
 -0.33885077044432749     
 -0.33132089972131251     
 -0.31144022364974144     
 -0.29010494093086026     
 -0.26733077085623941     
 -0.24313511279033850     
 -0.21753891104038928     
 -0.19057019436592337     
 -0.16227105924494400     
 -0.13271224611714927     
 -0.10202602802367552     
  -7.0488584686429073E-002
  -3.8751040120764788E-002
  -6.9188239667587982E-003
   5.1522124814674395E-003
   1.7195103519622196E-002
   2.9209133327111107E-002
   4.1193618045147984E-002
   5.3147904013567726E-002
   6.5071365856430904E-002
   7.6963404447872932E-002
   8.8823444792304362E-002
  0.11244587163468754     
  0.13593390638584779     
  0.15928360964151078     
  0.18249122623062078     
  0.20555313076125822     
  0.22846578426446373     
  0.25122570298652436     
  0.27382943928297954     
  0.29627357366099349     
  0.31855471636359700     
  0.34066951650574040     
  0.36261467663699853     
  0.38438697067358207     
  0.40598326335607621     
  0.42740052969156517     
  0.44863587317903497     
  0.46968654195578408     
  0.49054994231284538     
  0.51122364929323605     
  0.53170541430147944     
  0.55199316981621849     
  0.57208503141408418     
  0.59197929738878263     
  0.61167444629200074     
  0.63116913273937758     
  0.65046218182203797     
  0.66955258244758187     
  0.68843947990860632     
  0.72560064655809409     
  0.77980338729286558     
  0.84919303994727646     
  0.89908166412808865     
  0.97815289450099507     
   1.0522127043963514     
   1.1213744419521634     
   1.1727506057792918     
   1.2201750851488042     
   1.2637704984324376     
   1.3036732903939314     
   1.3400328946126991     
   1.3730106385476908     
   1.4027783194018844     
   1.4295164550215740     
   1.4534122658926507     
   1.4746574741116723     
   1.4934460171289390     
   1.5242347412164985     
   1.5474965008562327     
   1.5646581734314378     
   1.5770045046031547     
   1.5856517213285626     
   1.5915383024094640     
   1.5954298139539187     
   1.5979339347896717     
   1.6001933257740493     
   1.6003391890793928     
   1.6000754516395395     
   1.6000026454089622     
   1.6000001546110911     
   1.6000000075580805     
   1.6000000003213999     
   1.6000000000238790     
