8577
1	NaN
2	NaN
3	NaN
4	NaN
5	NaN
6	NaN
7	NaN
8	NaN
9	NaN
10	NaN
11	NaN
12	NaN
13	NaN
14	NaN
15	NaN
16	NaN
17	NaN
18	NaN
19	NaN
20	NaN
21	NaN
22	NaN
23	NaN
24	NaN
25	NaN
26	NaN
27	NaN
28	NaN
29	NaN
30	NaN
31	NaN
32	NaN
33	NaN
34	NaN
35	NaN
36	NaN
37	NaN
38	NaN
39	NaN
40	NaN
41	NaN
42	NaN
43	NaN
44	NaN
45	NaN
46	NaN
47	NaN
48	NaN
49	NaN
50	NaN
51	NaN
52	NaN
53	NaN
54	NaN
55	NaN
56	NaN
57	NaN
58	NaN
59	NaN
60	NaN
61	NaN
62	NaN
63	NaN
64	NaN
65	NaN
66	NaN
67	NaN
68	NaN
69	NaN
70	NaN
71	NaN
72	NaN
73	NaN
74	NaN
75	NaN
76	NaN
77	NaN
78	NaN
79	NaN
80	NaN
81	NaN
82	NaN
83	NaN
84	NaN
85	NaN
86	NaN
87	NaN
88	NaN
89	NaN
90	NaN
91	NaN
92	NaN
93	NaN
94	NaN
95	NaN
96	NaN
97	NaN
98	NaN
99	NaN
100	NaN
101	NaN
102	NaN
103	NaN
104	NaN
105	NaN
106	NaN
107	NaN
108	NaN
109	NaN
110	NaN
111	NaN
112	NaN
113	NaN
114	NaN
115	NaN
116	NaN
117	NaN
118	NaN
119	NaN
120	NaN
121	NaN
122	NaN
123	NaN
124	NaN
125	NaN
126	NaN
127	NaN
128	NaN
129	NaN
130	NaN
131	NaN
132	NaN
133	NaN
134	NaN
135	NaN
136	NaN
137	NaN
138	NaN
139	NaN
140	NaN
141	NaN
142	NaN
143	NaN
144	NaN
145	NaN
146	NaN
147	NaN
148	NaN
149	NaN
150	NaN
151	NaN
152	NaN
153	NaN
154	NaN
155	NaN
156	NaN
157	NaN
158	NaN
159	NaN
160	NaN
161	NaN
162	NaN
163	NaN
164	NaN
165	NaN
166	NaN
167	NaN
168	NaN
169	NaN
170	NaN
171	NaN
172	NaN
173	NaN
174	NaN
175	NaN
176	NaN
177	NaN
178	NaN
179	NaN
180	NaN
181	NaN
182	NaN
183	NaN
184	NaN
185	NaN
186	NaN
187	NaN
188	NaN
189	NaN
190	NaN
191	NaN
192	NaN
193	NaN
194	NaN
195	NaN
196	NaN
197	NaN
198	NaN
199	NaN
200	NaN
201	NaN
202	NaN
203	NaN
204	NaN
205	NaN
206	NaN
207	NaN
208	NaN
209	NaN
210	NaN
211	NaN
212	NaN
213	NaN
214	NaN
215	NaN
216	NaN
217	NaN
218	NaN
219	NaN
220	NaN
221	NaN
222	NaN
223	NaN
224	NaN
225	NaN
226	NaN
227	NaN
228	NaN
229	NaN
230	NaN
231	NaN
232	NaN
233	NaN
234	NaN
235	NaN
236	NaN
237	NaN
238	NaN
239	NaN
240	NaN
241	NaN
242	NaN
243	NaN
244	NaN
245	NaN
246	NaN
247	NaN
248	NaN
249	NaN
250	NaN
251	NaN
252	NaN
253	NaN
254	NaN
255	NaN
256	NaN
257	NaN
258	NaN
259	NaN
260	NaN
261	NaN
262	NaN
263	NaN
264	NaN
265	NaN
266	NaN
267	NaN
268	NaN
269	NaN
270	NaN
271	NaN
272	NaN
273	NaN
274	NaN
275	NaN
276	NaN
277	NaN
278	NaN
279	NaN
280	NaN
281	NaN
282	NaN
283	NaN
284	NaN
285	NaN
286	NaN
287	NaN
288	NaN
289	NaN
290	NaN
291	NaN
292	NaN
293	NaN
294	NaN
295	NaN
296	NaN
297	NaN
298	NaN
299	NaN
300	NaN
301	NaN
302	NaN
303	NaN
304	NaN
305	NaN
306	NaN
307	NaN
308	NaN
309	NaN
310	NaN
311	NaN
312	NaN
313	NaN
314	NaN
315	NaN
316	NaN
317	NaN
318	NaN
319	NaN
320	NaN
321	NaN
322	NaN
323	NaN
324	NaN
325	NaN
326	NaN
327	NaN
328	NaN
329	NaN
330	NaN
331	NaN
332	NaN
333	NaN
334	NaN
335	NaN
336	NaN
337	NaN
338	NaN
339	NaN
340	NaN
341	NaN
342	NaN
343	NaN
344	NaN
345	NaN
346	NaN
347	NaN
348	NaN
349	NaN
350	NaN
351	NaN
352	NaN
353	NaN
354	NaN
355	NaN
356	NaN
357	NaN
358	NaN
359	NaN
360	NaN
361	NaN
362	NaN
363	NaN
364	NaN
365	NaN
366	NaN
367	NaN
368	NaN
369	NaN
370	NaN
371	NaN
372	NaN
373	NaN
374	NaN
375	NaN
376	NaN
377	NaN
378	NaN
379	NaN
380	NaN
381	NaN
382	NaN
383	NaN
384	NaN
385	NaN
386	NaN
387	NaN
388	NaN
389	NaN
390	NaN
391	NaN
392	NaN
393	NaN
394	NaN
395	NaN
396	NaN
397	NaN
398	NaN
399	NaN
400	NaN
401	NaN
402	NaN
403	NaN
404	NaN
405	NaN
406	NaN
407	NaN
408	NaN
409	NaN
410	NaN
411	NaN
412	NaN
413	NaN
414	NaN
415	NaN
416	NaN
417	NaN
418	NaN
419	NaN
420	NaN
421	NaN
422	NaN
423	NaN
424	NaN
425	NaN
426	NaN
427	NaN
428	NaN
429	NaN
430	NaN
431	NaN
432	NaN
433	NaN
434	NaN
435	NaN
436	NaN
437	NaN
438	NaN
439	NaN
440	NaN
441	NaN
442	NaN
443	NaN
444	NaN
445	NaN
446	NaN
447	NaN
448	NaN
449	NaN
450	NaN
451	NaN
452	NaN
453	NaN
454	NaN
455	NaN
456	NaN
457	NaN
458	NaN
459	NaN
460	NaN
461	NaN
462	NaN
463	NaN
464	NaN
465	NaN
466	NaN
467	NaN
468	NaN
469	NaN
470	NaN
471	NaN
472	NaN
473	NaN
474	NaN
475	NaN
476	NaN
477	NaN
478	NaN
479	NaN
480	NaN
481	NaN
482	NaN
483	NaN
484	NaN
485	NaN
486	NaN
487	NaN
488	NaN
489	NaN
490	NaN
491	NaN
492	NaN
493	NaN
494	NaN
495	NaN
496	NaN
497	NaN
498	NaN
499	NaN
500	NaN
501	NaN
502	NaN
503	NaN
504	NaN
505	NaN
506	NaN
507	NaN
508	NaN
509	NaN
510	NaN
511	NaN
512	NaN
513	NaN
514	NaN
515	NaN
516	NaN
517	NaN
518	NaN
519	NaN
520	NaN
521	NaN
522	NaN
523	NaN
524	NaN
525	NaN
526	NaN
527	NaN
528	NaN
529	NaN
530	NaN
531	NaN
532	NaN
533	NaN
534	NaN
535	NaN
536	NaN
537	NaN
538	NaN
539	NaN
540	NaN
541	NaN
542	NaN
543	NaN
544	NaN
545	NaN
546	NaN
547	NaN
548	NaN
549	NaN
550	NaN
551	NaN
552	NaN
553	NaN
554	NaN
555	NaN
556	NaN
557	NaN
558	NaN
559	NaN
560	NaN
561	NaN
562	NaN
563	NaN
564	NaN
565	NaN
566	NaN
567	NaN
568	NaN
569	NaN
570	NaN
571	NaN
572	NaN
573	NaN
574	NaN
575	NaN
576	NaN
577	NaN
578	NaN
579	NaN
580	NaN
581	NaN
582	NaN
583	NaN
584	NaN
585	NaN
586	NaN
587	NaN
588	NaN
589	NaN
590	NaN
591	NaN
592	NaN
593	NaN
594	NaN
595	NaN
596	NaN
597	NaN
598	NaN
599	NaN
600	NaN
601	NaN
602	NaN
603	NaN
604	NaN
605	NaN
606	NaN
607	NaN
608	NaN
609	NaN
610	NaN
611	NaN
612	NaN
613	NaN
614	NaN
615	NaN
616	NaN
617	NaN
618	NaN
619	NaN
620	NaN
621	NaN
622	NaN
623	NaN
624	NaN
625	NaN
626	NaN
627	NaN
628	NaN
629	NaN
630	NaN
631	NaN
632	NaN
633	NaN
634	NaN
635	NaN
636	NaN
637	NaN
638	NaN
639	NaN
640	NaN
641	NaN
642	NaN
643	NaN
644	NaN
645	NaN
646	NaN
647	NaN
648	NaN
649	NaN
650	NaN
651	NaN
652	NaN
653	NaN
654	NaN
655	NaN
656	NaN
657	NaN
658	NaN
659	NaN
660	NaN
661	NaN
662	NaN
663	NaN
664	NaN
665	NaN
666	NaN
667	NaN
668	NaN
669	NaN
670	NaN
671	NaN
672	NaN
673	NaN
674	NaN
675	NaN
676	NaN
677	NaN
678	NaN
679	NaN
680	NaN
681	NaN
682	NaN
683	NaN
684	NaN
685	NaN
686	NaN
687	NaN
688	NaN
689	NaN
690	NaN
691	NaN
692	NaN
693	NaN
694	NaN
695	NaN
696	NaN
697	NaN
698	NaN
699	NaN
700	NaN
701	NaN
702	NaN
703	NaN
704	NaN
705	NaN
706	NaN
707	NaN
708	NaN
709	NaN
710	NaN
711	NaN
712	NaN
713	NaN
714	NaN
715	NaN
716	NaN
717	NaN
718	NaN
719	NaN
720	NaN
721	NaN
722	NaN
723	NaN
724	NaN
725	NaN
726	NaN
727	NaN
728	NaN
729	NaN
730	NaN
731	NaN
732	NaN
733	NaN
734	NaN
735	NaN
736	NaN
737	NaN
738	NaN
739	NaN
740	NaN
741	NaN
742	NaN
743	NaN
744	NaN
745	NaN
746	NaN
747	NaN
748	NaN
749	NaN
750	NaN
751	NaN
752	NaN
753	NaN
754	NaN
755	NaN
756	NaN
757	NaN
758	NaN
759	NaN
760	NaN
761	NaN
762	NaN
763	NaN
764	NaN
765	NaN
766	NaN
767	NaN
768	NaN
769	NaN
770	NaN
771	NaN
772	NaN
773	NaN
774	NaN
775	NaN
776	NaN
777	NaN
778	NaN
779	NaN
780	NaN
781	NaN
782	NaN
783	NaN
784	NaN
785	NaN
786	NaN
787	NaN
788	NaN
789	NaN
790	NaN
791	NaN
792	NaN
793	NaN
794	NaN
795	NaN
796	NaN
797	NaN
798	NaN
799	NaN
800	NaN
801	NaN
802	NaN
803	NaN
804	NaN
805	NaN
806	NaN
807	NaN
808	NaN
809	NaN
810	NaN
811	NaN
812	NaN
813	NaN
814	NaN
815	NaN
816	NaN
817	NaN
818	NaN
819	NaN
820	NaN
821	NaN
822	NaN
823	NaN
824	NaN
825	NaN
826	NaN
827	NaN
828	NaN
829	NaN
830	NaN
831	NaN
832	NaN
833	NaN
834	NaN
835	NaN
836	NaN
837	NaN
838	NaN
839	NaN
840	NaN
841	NaN
842	NaN
843	NaN
844	NaN
845	NaN
846	NaN
847	NaN
848	NaN
849	NaN
850	NaN
851	NaN
852	NaN
853	NaN
854	NaN
855	NaN
856	NaN
857	NaN
858	NaN
859	NaN
860	NaN
861	NaN
862	NaN
863	NaN
864	NaN
865	NaN
866	NaN
867	NaN
868	NaN
869	NaN
870	NaN
871	NaN
872	NaN
873	NaN
874	NaN
875	NaN
876	NaN
877	NaN
878	NaN
879	NaN
880	NaN
881	NaN
882	NaN
883	NaN
884	NaN
885	NaN
886	NaN
887	NaN
888	NaN
889	NaN
890	NaN
891	NaN
892	NaN
893	NaN
894	NaN
895	NaN
896	NaN
897	NaN
898	NaN
899	NaN
900	NaN
901	NaN
902	NaN
903	NaN
904	NaN
905	NaN
906	NaN
907	NaN
908	NaN
909	NaN
910	NaN
911	NaN
912	NaN
913	NaN
914	NaN
915	NaN
916	NaN
917	NaN
918	NaN
919	NaN
920	NaN
921	NaN
922	NaN
923	NaN
924	NaN
925	NaN
926	NaN
927	NaN
928	NaN
929	NaN
930	NaN
931	NaN
932	NaN
933	NaN
934	NaN
935	NaN
936	NaN
937	NaN
938	NaN
939	NaN
940	NaN
941	NaN
942	NaN
943	NaN
944	NaN
945	NaN
946	NaN
947	NaN
948	NaN
949	NaN
950	NaN
951	NaN
952	NaN
953	NaN
954	NaN
955	NaN
956	NaN
957	NaN
958	NaN
959	NaN
960	NaN
961	NaN
962	NaN
963	NaN
964	NaN
965	NaN
966	NaN
967	NaN
968	NaN
969	NaN
970	NaN
971	NaN
972	NaN
973	NaN
974	NaN
975	NaN
976	NaN
977	NaN
978	NaN
979	NaN
980	NaN
981	NaN
982	NaN
983	NaN
984	NaN
985	NaN
986	NaN
987	NaN
988	NaN
989	NaN
990	NaN
991	NaN
992	NaN
993	NaN
994	NaN
995	NaN
996	NaN
997	NaN
998	NaN
999	NaN
1000	NaN
1001	NaN
1002	NaN
1003	NaN
1004	NaN
1005	NaN
1006	NaN
1007	NaN
1008	NaN
1009	NaN
1010	NaN
1011	NaN
1012	NaN
1013	NaN
1014	NaN
1015	NaN
1016	NaN
1017	NaN
1018	NaN
1019	NaN
1020	NaN
1021	NaN
1022	NaN
1023	NaN
1024	NaN
1025	NaN
1026	NaN
1027	NaN
1028	NaN
1029	NaN
1030	NaN
1031	NaN
1032	NaN
1033	NaN
1034	NaN
1035	NaN
1036	NaN
1037	NaN
1038	NaN
1039	NaN
1040	NaN
1041	NaN
1042	NaN
1043	NaN
1044	NaN
1045	NaN
1046	NaN
1047	NaN
1048	NaN
1049	NaN
1050	NaN
1051	NaN
1052	NaN
1053	NaN
1054	NaN
1055	NaN
1056	NaN
1057	NaN
1058	NaN
1059	NaN
1060	NaN
1061	NaN
1062	NaN
1063	NaN
1064	NaN
1065	NaN
1066	NaN
1067	NaN
1068	NaN
1069	NaN
1070	NaN
1071	NaN
1072	NaN
1073	NaN
1074	NaN
1075	NaN
1076	NaN
1077	NaN
1078	NaN
1079	NaN
1080	NaN
1081	NaN
1082	NaN
1083	NaN
1084	NaN
1085	NaN
1086	NaN
1087	NaN
1088	NaN
1089	NaN
1090	NaN
1091	NaN
1092	NaN
1093	NaN
1094	NaN
1095	NaN
1096	NaN
1097	NaN
1098	NaN
1099	NaN
1100	NaN
1101	NaN
1102	NaN
1103	NaN
1104	NaN
1105	NaN
1106	NaN
1107	NaN
1108	NaN
1109	NaN
1110	NaN
1111	NaN
1112	NaN
1113	NaN
1114	NaN
1115	NaN
1116	NaN
1117	NaN
1118	NaN
1119	NaN
1120	NaN
1121	NaN
1122	NaN
1123	NaN
1124	NaN
1125	NaN
1126	NaN
1127	NaN
1128	NaN
1129	NaN
1130	NaN
1131	NaN
1132	NaN
1133	NaN
1134	NaN
1135	NaN
1136	NaN
1137	NaN
1138	NaN
1139	NaN
1140	NaN
1141	NaN
1142	NaN
1143	NaN
1144	NaN
1145	NaN
1146	NaN
1147	NaN
1148	NaN
1149	NaN
1150	NaN
1151	NaN
1152	NaN
1153	NaN
1154	NaN
1155	NaN
1156	NaN
1157	NaN
1158	NaN
1159	NaN
1160	NaN
1161	NaN
1162	NaN
1163	NaN
1164	NaN
1165	NaN
1166	NaN
1167	NaN
1168	NaN
1169	NaN
1170	NaN
1171	NaN
1172	NaN
1173	NaN
1174	NaN
1175	NaN
1176	NaN
1177	NaN
1178	NaN
1179	NaN
1180	NaN
1181	NaN
1182	NaN
1183	NaN
1184	NaN
1185	NaN
1186	NaN
1187	NaN
1188	NaN
1189	NaN
1190	NaN
1191	NaN
1192	NaN
1193	NaN
1194	NaN
1195	NaN
1196	NaN
1197	NaN
1198	NaN
1199	NaN
1200	NaN
1201	NaN
1202	NaN
1203	NaN
1204	NaN
1205	NaN
1206	NaN
1207	NaN
1208	NaN
1209	NaN
1210	NaN
1211	NaN
1212	NaN
1213	NaN
1214	NaN
1215	NaN
1216	NaN
1217	NaN
1218	NaN
1219	NaN
1220	NaN
1221	NaN
1222	NaN
1223	NaN
1224	NaN
1225	NaN
1226	NaN
1227	NaN
1228	NaN
1229	NaN
1230	NaN
1231	NaN
1232	NaN
1233	NaN
1234	NaN
1235	NaN
1236	NaN
1237	NaN
1238	NaN
1239	NaN
1240	NaN
1241	NaN
1242	NaN
1243	NaN
1244	NaN
1245	NaN
1246	NaN
1247	NaN
1248	NaN
1249	NaN
1250	NaN
1251	NaN
1252	NaN
1253	NaN
1254	NaN
1255	NaN
1256	NaN
1257	NaN
1258	NaN
1259	NaN
1260	NaN
1261	NaN
1262	NaN
1263	NaN
1264	NaN
1265	NaN
1266	NaN
1267	NaN
1268	NaN
1269	NaN
1270	NaN
1271	NaN
1272	NaN
1273	NaN
1274	NaN
1275	NaN
1276	NaN
1277	NaN
1278	NaN
1279	NaN
1280	NaN
1281	NaN
1282	NaN
1283	NaN
1284	NaN
1285	NaN
1286	NaN
1287	NaN
1288	NaN
1289	NaN
1290	NaN
1291	NaN
1292	NaN
1293	NaN
1294	NaN
1295	NaN
1296	NaN
1297	NaN
1298	NaN
1299	NaN
1300	NaN
1301	NaN
1302	NaN
1303	NaN
1304	NaN
1305	NaN
1306	NaN
1307	NaN
1308	NaN
1309	NaN
1310	NaN
1311	NaN
1312	NaN
1313	NaN
1314	NaN
1315	NaN
1316	NaN
1317	NaN
1318	NaN
1319	NaN
1320	NaN
1321	NaN
1322	NaN
1323	NaN
1324	NaN
1325	NaN
1326	NaN
1327	NaN
1328	NaN
1329	NaN
1330	NaN
1331	NaN
1332	NaN
1333	NaN
1334	NaN
1335	NaN
1336	NaN
1337	NaN
1338	NaN
1339	NaN
1340	NaN
1341	NaN
1342	NaN
1343	NaN
1344	NaN
1345	NaN
1346	NaN
1347	NaN
1348	NaN
1349	NaN
1350	NaN
1351	NaN
1352	NaN
1353	NaN
1354	NaN
1355	NaN
1356	NaN
1357	NaN
1358	NaN
1359	NaN
1360	NaN
1361	NaN
1362	NaN
1363	NaN
1364	NaN
1365	NaN
1366	NaN
1367	NaN
1368	NaN
1369	NaN
1370	NaN
1371	NaN
1372	NaN
1373	NaN
1374	NaN
1375	NaN
1376	NaN
1377	NaN
1378	NaN
1379	NaN
1380	NaN
1381	NaN
1382	NaN
1383	NaN
1384	NaN
1385	NaN
1386	NaN
1387	NaN
1388	NaN
1389	NaN
1390	NaN
1391	NaN
1392	NaN
1393	NaN
1394	NaN
1395	NaN
1396	NaN
1397	NaN
1398	NaN
1399	NaN
1400	NaN
1401	NaN
1402	NaN
1403	NaN
1404	NaN
1405	NaN
1406	NaN
1407	NaN
1408	NaN
1409	NaN
1410	NaN
1411	NaN
1412	NaN
1413	NaN
1414	NaN
1415	NaN
1416	NaN
1417	NaN
1418	NaN
1419	NaN
1420	NaN
1421	NaN
1422	NaN
1423	NaN
1424	NaN
1425	NaN
1426	NaN
1427	NaN
1428	NaN
1429	NaN
1430	NaN
1431	NaN
1432	NaN
1433	NaN
1434	NaN
1435	NaN
1436	NaN
1437	NaN
1438	NaN
1439	NaN
1440	NaN
1441	NaN
1442	NaN
1443	NaN
1444	NaN
1445	NaN
1446	NaN
1447	NaN
1448	NaN
1449	NaN
1450	NaN
1451	NaN
1452	NaN
1453	NaN
1454	NaN
1455	NaN
1456	NaN
1457	NaN
1458	NaN
1459	NaN
1460	NaN
1461	NaN
1462	NaN
1463	NaN
1464	NaN
1465	NaN
1466	NaN
1467	NaN
1468	NaN
1469	NaN
1470	NaN
1471	NaN
1472	NaN
1473	NaN
1474	NaN
1475	NaN
1476	NaN
1477	NaN
1478	NaN
1479	NaN
1480	NaN
1481	NaN
1482	NaN
1483	NaN
1484	NaN
1485	NaN
1486	NaN
1487	NaN
1488	NaN
1489	NaN
1490	NaN
1491	NaN
1492	NaN
1493	NaN
1494	NaN
1495	NaN
1496	NaN
1497	NaN
1498	NaN
1499	NaN
1500	NaN
1501	NaN
1502	NaN
1503	NaN
1504	NaN
1505	NaN
1506	NaN
1507	NaN
1508	NaN
1509	NaN
1510	NaN
1511	NaN
1512	NaN
1513	NaN
1514	NaN
1515	NaN
1516	NaN
1517	NaN
1518	NaN
1519	NaN
1520	NaN
1521	NaN
1522	NaN
1523	NaN
1524	NaN
1525	NaN
1526	NaN
1527	NaN
1528	NaN
1529	NaN
1530	NaN
1531	NaN
1532	NaN
1533	NaN
1534	NaN
1535	NaN
1536	NaN
1537	NaN
1538	NaN
1539	NaN
1540	NaN
1541	NaN
1542	NaN
1543	NaN
1544	NaN
1545	NaN
1546	NaN
1547	NaN
1548	NaN
1549	NaN
1550	NaN
1551	NaN
1552	NaN
1553	NaN
1554	NaN
1555	NaN
1556	NaN
1557	NaN
1558	NaN
1559	NaN
1560	NaN
1561	NaN
1562	NaN
1563	NaN
1564	NaN
1565	NaN
1566	NaN
1567	NaN
1568	NaN
1569	NaN
1570	NaN
1571	NaN
1572	NaN
1573	NaN
1574	NaN
1575	NaN
1576	NaN
1577	NaN
1578	NaN
1579	NaN
1580	NaN
1581	NaN
1582	NaN
1583	NaN
1584	NaN
1585	NaN
1586	NaN
1587	NaN
1588	NaN
1589	NaN
1590	NaN
1591	NaN
1592	NaN
1593	NaN
1594	NaN
1595	NaN
1596	NaN
1597	NaN
1598	NaN
1599	NaN
1600	NaN
1601	NaN
1602	NaN
1603	NaN
1604	NaN
1605	NaN
1606	NaN
1607	NaN
1608	NaN
1609	NaN
1610	NaN
1611	NaN
1612	NaN
1613	NaN
1614	NaN
1615	NaN
1616	NaN
1617	NaN
1618	NaN
1619	NaN
1620	NaN
1621	NaN
1622	NaN
1623	NaN
1624	NaN
1625	NaN
1626	NaN
1627	NaN
1628	NaN
1629	NaN
1630	NaN
1631	NaN
1632	NaN
1633	NaN
1634	NaN
1635	NaN
1636	NaN
1637	NaN
1638	NaN
1639	NaN
1640	NaN
1641	NaN
1642	NaN
1643	NaN
1644	NaN
1645	NaN
1646	NaN
1647	NaN
1648	NaN
1649	NaN
1650	NaN
1651	NaN
1652	NaN
1653	NaN
1654	NaN
1655	NaN
1656	NaN
1657	NaN
1658	NaN
1659	NaN
1660	NaN
1661	NaN
1662	NaN
1663	NaN
1664	NaN
1665	NaN
1666	NaN
1667	NaN
1668	NaN
1669	NaN
1670	NaN
1671	NaN
1672	NaN
1673	NaN
1674	NaN
1675	NaN
1676	NaN
1677	NaN
1678	NaN
1679	NaN
1680	NaN
1681	NaN
1682	NaN
1683	NaN
1684	NaN
1685	NaN
1686	NaN
1687	NaN
1688	NaN
1689	NaN
1690	NaN
1691	NaN
1692	NaN
1693	NaN
1694	NaN
1695	NaN
1696	NaN
1697	NaN
1698	NaN
1699	NaN
1700	NaN
1701	NaN
1702	NaN
1703	NaN
1704	NaN
1705	NaN
1706	NaN
1707	NaN
1708	NaN
1709	NaN
1710	NaN
1711	NaN
1712	NaN
1713	NaN
1714	NaN
1715	NaN
1716	NaN
1717	NaN
1718	NaN
1719	NaN
1720	NaN
1721	NaN
1722	NaN
1723	NaN
1724	NaN
1725	NaN
1726	NaN
1727	NaN
1728	NaN
1729	NaN
1730	NaN
1731	NaN
1732	NaN
1733	NaN
1734	NaN
1735	NaN
1736	NaN
1737	NaN
1738	NaN
1739	NaN
1740	NaN
1741	NaN
1742	NaN
1743	NaN
1744	NaN
1745	NaN
1746	NaN
1747	NaN
1748	NaN
1749	NaN
1750	NaN
1751	NaN
1752	NaN
1753	NaN
1754	NaN
1755	NaN
1756	NaN
1757	NaN
1758	NaN
1759	NaN
1760	NaN
1761	NaN
1762	NaN
1763	NaN
1764	NaN
1765	NaN
1766	NaN
1767	NaN
1768	NaN
1769	NaN
1770	NaN
1771	NaN
1772	NaN
1773	NaN
1774	NaN
1775	NaN
1776	NaN
1777	NaN
1778	NaN
1779	NaN
1780	NaN
1781	NaN
1782	NaN
1783	NaN
1784	NaN
1785	NaN
1786	NaN
1787	NaN
1788	NaN
1789	NaN
1790	NaN
1791	NaN
1792	NaN
1793	NaN
1794	NaN
1795	NaN
1796	NaN
1797	NaN
1798	NaN
1799	NaN
1800	NaN
1801	NaN
1802	NaN
1803	NaN
1804	NaN
1805	NaN
1806	NaN
1807	NaN
1808	NaN
1809	NaN
1810	NaN
1811	NaN
1812	NaN
1813	NaN
1814	NaN
1815	NaN
1816	NaN
1817	NaN
1818	NaN
1819	NaN
1820	NaN
1821	NaN
1822	NaN
1823	NaN
1824	NaN
1825	NaN
1826	NaN
1827	NaN
1828	NaN
1829	NaN
1830	NaN
1831	NaN
1832	NaN
1833	NaN
1834	NaN
1835	NaN
1836	NaN
1837	NaN
1838	NaN
1839	NaN
1840	NaN
1841	NaN
1842	NaN
1843	NaN
1844	NaN
1845	NaN
1846	NaN
1847	NaN
1848	NaN
1849	NaN
1850	NaN
1851	NaN
1852	NaN
1853	NaN
1854	NaN
1855	NaN
1856	NaN
1857	NaN
1858	NaN
1859	NaN
1860	NaN
1861	NaN
1862	NaN
1863	NaN
1864	NaN
1865	NaN
1866	NaN
1867	NaN
1868	NaN
1869	NaN
1870	NaN
1871	NaN
1872	NaN
1873	NaN
1874	NaN
1875	NaN
1876	NaN
1877	NaN
1878	NaN
1879	NaN
1880	NaN
1881	NaN
1882	NaN
1883	NaN
1884	NaN
1885	NaN
1886	NaN
1887	NaN
1888	NaN
1889	NaN
1890	NaN
1891	NaN
1892	NaN
1893	NaN
1894	NaN
1895	NaN
1896	NaN
1897	NaN
1898	NaN
1899	NaN
1900	NaN
1901	NaN
1902	NaN
1903	NaN
1904	NaN
1905	NaN
1906	NaN
1907	NaN
1908	NaN
1909	NaN
1910	NaN
1911	NaN
1912	NaN
1913	NaN
1914	NaN
1915	NaN
1916	NaN
1917	NaN
1918	NaN
1919	NaN
1920	NaN
1921	NaN
1922	NaN
1923	NaN
1924	NaN
1925	NaN
1926	NaN
1927	NaN
1928	NaN
1929	NaN
1930	NaN
1931	NaN
1932	NaN
1933	NaN
1934	NaN
1935	NaN
1936	NaN
1937	NaN
1938	NaN
1939	NaN
1940	NaN
1941	NaN
1942	NaN
1943	NaN
1944	NaN
1945	NaN
1946	NaN
1947	NaN
1948	NaN
1949	NaN
1950	NaN
1951	NaN
1952	NaN
1953	NaN
1954	NaN
1955	NaN
1956	NaN
1957	NaN
1958	NaN
1959	NaN
1960	NaN
1961	NaN
1962	NaN
1963	NaN
1964	NaN
1965	NaN
1966	NaN
1967	NaN
1968	NaN
1969	NaN
1970	NaN
1971	NaN
1972	NaN
1973	NaN
1974	NaN
1975	NaN
1976	NaN
1977	NaN
1978	NaN
1979	NaN
1980	NaN
1981	NaN
1982	NaN
1983	NaN
1984	NaN
1985	NaN
1986	NaN
1987	NaN
1988	NaN
1989	NaN
1990	NaN
1991	NaN
1992	NaN
1993	NaN
1994	NaN
1995	NaN
1996	NaN
1997	NaN
1998	NaN
1999	NaN
2000	NaN
2001	NaN
2002	NaN
2003	NaN
2004	NaN
2005	NaN
2006	NaN
2007	NaN
2008	NaN
2009	NaN
2010	NaN
2011	NaN
2012	NaN
2013	NaN
2014	NaN
2015	NaN
2016	NaN
2017	NaN
2018	NaN
2019	NaN
2020	NaN
2021	NaN
2022	NaN
2023	NaN
2024	NaN
2025	NaN
2026	NaN
2027	NaN
2028	NaN
2029	NaN
2030	NaN
2031	NaN
2032	NaN
2033	NaN
2034	NaN
2035	NaN
2036	NaN
2037	NaN
2038	NaN
2039	NaN
2040	NaN
2041	NaN
2042	NaN
2043	NaN
2044	NaN
2045	NaN
2046	NaN
2047	NaN
2048	NaN
2049	NaN
2050	NaN
2051	NaN
2052	NaN
2053	NaN
2054	NaN
2055	NaN
2056	NaN
2057	NaN
2058	NaN
2059	NaN
2060	NaN
2061	NaN
2062	NaN
2063	NaN
2064	NaN
2065	NaN
2066	NaN
2067	NaN
2068	NaN
2069	NaN
2070	NaN
2071	NaN
2072	NaN
2073	NaN
2074	NaN
2075	NaN
2076	NaN
2077	NaN
2078	NaN
2079	NaN
2080	NaN
2081	NaN
2082	NaN
2083	NaN
2084	NaN
2085	NaN
2086	NaN
2087	NaN
2088	NaN
2089	NaN
2090	NaN
2091	NaN
2092	NaN
2093	NaN
2094	NaN
2095	NaN
2096	NaN
2097	NaN
2098	NaN
2099	NaN
2100	NaN
2101	NaN
2102	NaN
2103	NaN
2104	NaN
2105	NaN
2106	NaN
2107	NaN
2108	NaN
2109	NaN
2110	NaN
2111	NaN
2112	NaN
2113	NaN
2114	NaN
2115	NaN
2116	NaN
2117	NaN
2118	NaN
2119	NaN
2120	NaN
2121	NaN
2122	NaN
2123	NaN
2124	NaN
2125	NaN
2126	NaN
2127	NaN
2128	NaN
2129	NaN
2130	NaN
2131	NaN
2132	NaN
2133	NaN
2134	NaN
2135	NaN
2136	NaN
2137	NaN
2138	NaN
2139	NaN
2140	NaN
2141	NaN
2142	NaN
2143	NaN
2144	NaN
2145	NaN
2146	NaN
2147	NaN
2148	NaN
2149	NaN
2150	NaN
2151	NaN
2152	NaN
2153	NaN
2154	NaN
2155	NaN
2156	NaN
2157	NaN
2158	NaN
2159	NaN
2160	NaN
2161	NaN
2162	NaN
2163	NaN
2164	NaN
2165	NaN
2166	NaN
2167	NaN
2168	NaN
2169	NaN
2170	NaN
2171	NaN
2172	NaN
2173	NaN
2174	NaN
2175	NaN
2176	NaN
2177	NaN
2178	NaN
2179	NaN
2180	NaN
2181	NaN
2182	NaN
2183	NaN
2184	NaN
2185	NaN
2186	NaN
2187	NaN
2188	NaN
2189	NaN
2190	NaN
2191	NaN
2192	NaN
2193	NaN
2194	NaN
2195	NaN
2196	NaN
2197	NaN
2198	NaN
2199	NaN
2200	NaN
2201	NaN
2202	NaN
2203	NaN
2204	NaN
2205	NaN
2206	NaN
2207	NaN
2208	NaN
2209	NaN
2210	NaN
2211	NaN
2212	NaN
2213	NaN
2214	NaN
2215	NaN
2216	NaN
2217	NaN
2218	NaN
2219	NaN
2220	NaN
2221	NaN
2222	NaN
2223	NaN
2224	NaN
2225	NaN
2226	NaN
2227	NaN
2228	NaN
2229	NaN
2230	NaN
2231	NaN
2232	NaN
2233	NaN
2234	NaN
2235	NaN
2236	NaN
2237	NaN
2238	NaN
2239	NaN
2240	NaN
2241	NaN
2242	NaN
2243	NaN
2244	NaN
2245	NaN
2246	NaN
2247	NaN
2248	NaN
2249	NaN
2250	NaN
2251	NaN
2252	NaN
2253	NaN
2254	NaN
2255	NaN
2256	NaN
2257	NaN
2258	NaN
2259	NaN
2260	NaN
2261	NaN
2262	NaN
2263	NaN
2264	NaN
2265	NaN
2266	NaN
2267	NaN
2268	NaN
2269	NaN
2270	NaN
2271	NaN
2272	NaN
2273	NaN
2274	NaN
2275	NaN
2276	NaN
2277	NaN
2278	NaN
2279	NaN
2280	NaN
2281	NaN
2282	NaN
2283	NaN
2284	NaN
2285	NaN
2286	NaN
2287	NaN
2288	NaN
2289	NaN
2290	NaN
2291	NaN
2292	NaN
2293	NaN
2294	NaN
2295	NaN
2296	NaN
2297	NaN
2298	NaN
2299	NaN
2300	NaN
2301	NaN
2302	NaN
2303	NaN
2304	NaN
2305	NaN
2306	NaN
2307	NaN
2308	NaN
2309	NaN
2310	NaN
2311	NaN
2312	NaN
2313	NaN
2314	NaN
2315	NaN
2316	NaN
2317	NaN
2318	NaN
2319	NaN
2320	NaN
2321	NaN
2322	NaN
2323	NaN
2324	NaN
2325	NaN
2326	NaN
2327	NaN
2328	NaN
2329	NaN
2330	NaN
2331	NaN
2332	NaN
2333	NaN
2334	NaN
2335	NaN
2336	NaN
2337	NaN
2338	NaN
2339	NaN
2340	NaN
2341	NaN
2342	NaN
2343	NaN
2344	NaN
2345	NaN
2346	NaN
2347	NaN
2348	NaN
2349	NaN
2350	NaN
2351	NaN
2352	NaN
2353	NaN
2354	NaN
2355	NaN
2356	NaN
2357	NaN
2358	NaN
2359	NaN
2360	NaN
2361	NaN
2362	NaN
2363	NaN
2364	NaN
2365	NaN
2366	NaN
2367	NaN
2368	NaN
2369	NaN
2370	NaN
2371	NaN
2372	NaN
2373	NaN
2374	NaN
2375	NaN
2376	NaN
2377	NaN
2378	NaN
2379	NaN
2380	NaN
2381	NaN
2382	NaN
2383	NaN
2384	NaN
2385	NaN
2386	NaN
2387	NaN
2388	NaN
2389	NaN
2390	NaN
2391	NaN
2392	NaN
2393	NaN
2394	NaN
2395	NaN
2396	NaN
2397	NaN
2398	NaN
2399	NaN
2400	NaN
2401	NaN
2402	NaN
2403	NaN
2404	NaN
2405	NaN
2406	NaN
2407	NaN
2408	NaN
2409	NaN
2410	NaN
2411	NaN
2412	NaN
2413	NaN
2414	NaN
2415	NaN
2416	NaN
2417	NaN
2418	NaN
2419	NaN
2420	NaN
2421	NaN
2422	NaN
2423	NaN
2424	NaN
2425	NaN
2426	NaN
2427	NaN
2428	NaN
2429	NaN
2430	NaN
2431	NaN
2432	NaN
2433	NaN
2434	NaN
2435	NaN
2436	NaN
2437	NaN
2438	NaN
2439	NaN
2440	NaN
2441	NaN
2442	NaN
2443	NaN
2444	NaN
2445	NaN
2446	NaN
2447	NaN
2448	NaN
2449	NaN
2450	NaN
2451	NaN
2452	NaN
2453	NaN
2454	NaN
2455	NaN
2456	NaN
2457	NaN
2458	NaN
2459	NaN
2460	NaN
2461	NaN
2462	NaN
2463	NaN
2464	NaN
2465	NaN
2466	NaN
2467	NaN
2468	NaN
2469	NaN
2470	NaN
2471	NaN
2472	NaN
2473	NaN
2474	NaN
2475	NaN
2476	NaN
2477	NaN
2478	NaN
2479	NaN
2480	NaN
2481	NaN
2482	NaN
2483	NaN
2484	NaN
2485	NaN
2486	NaN
2487	NaN
2488	NaN
2489	NaN
2490	NaN
2491	NaN
2492	NaN
2493	NaN
2494	NaN
2495	NaN
2496	NaN
2497	NaN
2498	NaN
2499	NaN
2500	NaN
2501	NaN
2502	NaN
2503	NaN
2504	NaN
2505	NaN
2506	NaN
2507	NaN
2508	NaN
2509	NaN
2510	NaN
2511	NaN
2512	NaN
2513	NaN
2514	NaN
2515	NaN
2516	NaN
2517	NaN
2518	NaN
2519	NaN
2520	NaN
2521	NaN
2522	NaN
2523	NaN
2524	NaN
2525	NaN
2526	NaN
2527	NaN
2528	NaN
2529	NaN
2530	NaN
2531	NaN
2532	NaN
2533	NaN
2534	NaN
2535	NaN
2536	NaN
2537	NaN
2538	NaN
2539	NaN
2540	NaN
2541	NaN
2542	NaN
2543	NaN
2544	NaN
2545	NaN
2546	NaN
2547	NaN
2548	NaN
2549	NaN
2550	NaN
2551	NaN
2552	NaN
2553	NaN
2554	NaN
2555	NaN
2556	NaN
2557	NaN
2558	NaN
2559	NaN
2560	NaN
2561	NaN
2562	NaN
2563	NaN
2564	NaN
2565	NaN
2566	NaN
2567	NaN
2568	NaN
2569	NaN
2570	NaN
2571	NaN
2572	NaN
2573	NaN
2574	NaN
2575	NaN
2576	NaN
2577	NaN
2578	NaN
2579	NaN
2580	NaN
2581	NaN
2582	NaN
2583	NaN
2584	NaN
2585	NaN
2586	NaN
2587	NaN
2588	NaN
2589	NaN
2590	NaN
2591	NaN
2592	NaN
2593	NaN
2594	NaN
2595	NaN
2596	NaN
2597	NaN
2598	NaN
2599	NaN
2600	NaN
2601	NaN
2602	NaN
2603	NaN
2604	NaN
2605	NaN
2606	NaN
2607	NaN
2608	NaN
2609	NaN
2610	NaN
2611	NaN
2612	NaN
2613	NaN
2614	NaN
2615	NaN
2616	NaN
2617	NaN
2618	NaN
2619	NaN
2620	NaN
2621	NaN
2622	NaN
2623	NaN
2624	NaN
2625	NaN
2626	NaN
2627	NaN
2628	NaN
2629	NaN
2630	NaN
2631	NaN
2632	NaN
2633	NaN
2634	NaN
2635	NaN
2636	NaN
2637	NaN
2638	NaN
2639	NaN
2640	NaN
2641	NaN
2642	NaN
2643	NaN
2644	NaN
2645	NaN
2646	NaN
2647	NaN
2648	NaN
2649	NaN
2650	NaN
2651	NaN
2652	NaN
2653	NaN
2654	NaN
2655	NaN
2656	NaN
2657	NaN
2658	NaN
2659	NaN
2660	NaN
2661	NaN
2662	NaN
2663	NaN
2664	NaN
2665	NaN
2666	NaN
2667	NaN
2668	NaN
2669	NaN
2670	NaN
2671	NaN
2672	NaN
2673	NaN
2674	NaN
2675	NaN
2676	NaN
2677	NaN
2678	NaN
2679	NaN
2680	NaN
2681	NaN
2682	NaN
2683	NaN
2684	NaN
2685	NaN
2686	NaN
2687	NaN
2688	NaN
2689	NaN
2690	NaN
2691	NaN
2692	NaN
2693	NaN
2694	NaN
2695	NaN
2696	NaN
2697	NaN
2698	NaN
2699	NaN
2700	NaN
2701	NaN
2702	NaN
2703	NaN
2704	NaN
2705	NaN
2706	NaN
2707	NaN
2708	NaN
2709	NaN
2710	NaN
2711	NaN
2712	NaN
2713	NaN
2714	NaN
2715	NaN
2716	NaN
2717	NaN
2718	NaN
2719	NaN
2720	NaN
2721	NaN
2722	NaN
2723	NaN
2724	NaN
2725	NaN
2726	NaN
2727	NaN
2728	NaN
2729	NaN
2730	NaN
2731	NaN
2732	NaN
2733	NaN
2734	NaN
2735	NaN
2736	NaN
2737	NaN
2738	NaN
2739	NaN
2740	NaN
2741	NaN
2742	NaN
2743	NaN
2744	NaN
2745	NaN
2746	NaN
2747	NaN
2748	NaN
2749	NaN
2750	NaN
2751	NaN
2752	NaN
2753	NaN
2754	NaN
2755	NaN
2756	NaN
2757	NaN
2758	NaN
2759	NaN
2760	NaN
2761	NaN
2762	NaN
2763	NaN
2764	NaN
2765	NaN
2766	NaN
2767	NaN
2768	NaN
2769	NaN
2770	NaN
2771	NaN
2772	NaN
2773	NaN
2774	NaN
2775	NaN
2776	NaN
2777	NaN
2778	NaN
2779	NaN
2780	NaN
2781	NaN
2782	NaN
2783	NaN
2784	NaN
2785	NaN
2786	NaN
2787	NaN
2788	NaN
2789	NaN
2790	NaN
2791	NaN
2792	NaN
2793	NaN
2794	NaN
2795	NaN
2796	NaN
2797	NaN
2798	NaN
2799	NaN
2800	NaN
2801	NaN
2802	NaN
2803	NaN
2804	NaN
2805	NaN
2806	NaN
2807	NaN
2808	NaN
2809	NaN
2810	NaN
2811	NaN
2812	NaN
2813	NaN
2814	NaN
2815	NaN
2816	NaN
2817	NaN
2818	NaN
2819	NaN
2820	NaN
2821	NaN
2822	NaN
2823	NaN
2824	NaN
2825	NaN
2826	NaN
2827	NaN
2828	NaN
2829	NaN
2830	NaN
2831	NaN
2832	NaN
2833	NaN
2834	NaN
2835	NaN
2836	NaN
2837	NaN
2838	NaN
2839	NaN
2840	NaN
2841	NaN
2842	NaN
2843	NaN
2844	NaN
2845	NaN
2846	NaN
2847	NaN
2848	NaN
2849	NaN
2850	NaN
2851	NaN
2852	NaN
2853	NaN
2854	NaN
2855	NaN
2856	NaN
2857	NaN
2858	NaN
2859	NaN
2860	NaN
2861	NaN
2862	NaN
2863	NaN
2864	NaN
2865	NaN
2866	NaN
2867	NaN
2868	NaN
2869	NaN
2870	NaN
2871	NaN
2872	NaN
2873	NaN
2874	NaN
2875	NaN
2876	NaN
2877	NaN
2878	NaN
2879	NaN
2880	NaN
2881	NaN
2882	NaN
2883	NaN
2884	NaN
2885	NaN
2886	NaN
2887	NaN
2888	NaN
2889	NaN
2890	NaN
2891	NaN
2892	NaN
2893	NaN
2894	NaN
2895	NaN
2896	NaN
2897	NaN
2898	NaN
2899	NaN
2900	NaN
2901	NaN
2902	NaN
2903	NaN
2904	NaN
2905	NaN
2906	NaN
2907	NaN
2908	NaN
2909	NaN
2910	NaN
2911	NaN
2912	NaN
2913	NaN
2914	NaN
2915	NaN
2916	NaN
2917	NaN
2918	NaN
2919	NaN
2920	NaN
2921	NaN
2922	NaN
2923	NaN
2924	NaN
2925	NaN
2926	NaN
2927	NaN
2928	NaN
2929	NaN
2930	NaN
2931	NaN
2932	NaN
2933	NaN
2934	NaN
2935	NaN
2936	NaN
2937	NaN
2938	NaN
2939	NaN
2940	NaN
2941	NaN
2942	NaN
2943	NaN
2944	NaN
2945	NaN
2946	NaN
2947	NaN
2948	NaN
2949	NaN
2950	NaN
2951	NaN
2952	NaN
2953	NaN
2954	NaN
2955	NaN
2956	NaN
2957	NaN
2958	NaN
2959	NaN
2960	NaN
2961	NaN
2962	NaN
2963	NaN
2964	NaN
2965	NaN
2966	NaN
2967	NaN
2968	NaN
2969	NaN
2970	NaN
2971	NaN
2972	NaN
2973	NaN
2974	NaN
2975	NaN
2976	NaN
2977	NaN
2978	NaN
2979	NaN
2980	NaN
2981	NaN
2982	NaN
2983	NaN
2984	NaN
2985	NaN
2986	NaN
2987	NaN
2988	NaN
2989	NaN
2990	NaN
2991	NaN
2992	NaN
2993	0.294857142857143
2994	0.289833333333333
2995	0.296708333333333
2996	0.292375
2997	0.284333333333333
2998	0.278375
2999	0.270833333333333
3000	0.272041666666667
3001	0.266708333333333
3002	0.273583333333333
3003	0.269217391304348
3004	0.219333333333333
3005	0.161375
3006	0.1135
3007	0.0844166666666667
3008	0.0805
3009	0.123583333333333
3010	0.109583333333333
3011	0.110958333333333
3012	0.104458333333333
3013	0.1005
3014	0.089
3015	0.0955416666666667
3016	0.0874166666666667
3017	0.0757083333333333
3018	0.0649166666666667
3019	0.0655833333333333
3020	0.0630833333333333
3021	0.0590833333333333
3022	0.0694583333333333
3023	0.0675
3024	0.0687083333333333
3025	0.063375
3026	0.0645
3027	0.0617916666666667
3028	0.0646666666666667
3029	0.102875
3030	0.08925
3031	0.0847916666666667
3032	0.0996666666666667
3033	0.158875
3034	0.157833333333333
3035	0.18525
3036	0.168708333333333
3037	0.141625
3038	0.144625
3039	0.132916666666667
3040	0.145
3041	0.139291666666667
3042	0.162875
3043	0.305791666666667
3044	0.300666666666667
3045	0.279583333333333
3046	0.278458333333333
3047	0.261208333333333
3048	0.258208333333333
3049	0.261083333333333
3050	0.245875
3051	0.24425
3052	0.244875
3053	0.256541666666667
3054	0.315833333333333
3055	0.316291666666667
3056	0.329291666666667
3057	0.29325
3058	0.282304347826087
3059	0.322
3060	0.358375
3061	0.348583333333333
3062	0.346125
3063	0.392266666666667
3064	0.387416666666667
3065	0.374291666666667
3066	0.366708333333333
3067	0.364125
3068	0.358291666666667
3069	0.360541666666667
3070	0.369291666666667
3071	0.368875
3072	0.376625
3073	0.37275
3074	0.368086956521739
3075	0.372416666666667
3076	0.385875
3077	0.384708333333333
3078	0.382958333333333
3079	0.401208333333333
3080	0.440041666666667
3081	0.415
3082	0.401166666666667
3083	0.40275
3084	0.401583333333333
3085	0.399666666666667
3086	0.406958333333333
3087	0.395
3088	0.397352941176471
3089	0.3995
3090	0.4035
3091	0.406541666666667
3092	0.402625
3093	0.404875
3094	0.423333333333333
3095	0.409652173913043
3096	0.3914
3097	0.404583333333333
3098	0.397375
3099	0.410375
3100	0.412125
3101	0.413083333333333
3102	0.413833333333333
3103	0.411625
3104	0.396833333333333
3105	0.384833333333333
3106	0.38975
3107	0.443375
3108	0.450041666666667
3109	0.449333333333333
3110	0.450166666666667
3111	0.444291666666667
3112	0.433708333333333
3113	0.440166666666667
3114	0.438625
3115	0.426
3116	0.432125
3117	0.456125
3118	0.459583333333333
3119	0.453666666666667
3120	0.449375
3121	0.456791666666667
3122	0.458166666666667
3123	0.457875
3124	0.456041666666667
3125	0.455208333333333
3126	0.450791666666667
3127	0.445625
3128	0.443708333333333
3129	0.442583333333333
3130	0.450833333333333
3131	0.463458333333333
3132	0.465
3133	0.462625
3134	0.472
3135	0.480041666666667
3136	0.480208333333333
3137	0.504125
3138	0.535458333333333
3139	0.526041666666667
3140	0.530625
3141	0.518708333333333
3142	0.504375
3143	0.505208333333333
3144	0.506208333333333
3145	0.503291666666667
3146	0.5
3147	0.503083333333333
3148	0.509708333333333
3149	0.511434782608696
3150	0.511260869565217
3151	0.52275
3152	0.519833333333333
3153	0.534541666666667
3154	0.543791666666667
3155	0.547291666666667
3156	0.554208333333333
3157	0.565478260869565
3158	0.563125
3159	0.562416666666667
3160	0.577791666666667
3161	0.580208333333333
3162	0.574916666666667
3163	0.569833333333333
3164	0.572083333333333
3165	0.576916666666666
3166	0.580916666666667
3167	0.592652173913044
3168	0.597130434782609
3169	0.589875
3170	0.594458333333333
3171	0.592208333333333
3172	0.586916666666667
3173	0.584083333333333
3174	0.582125
3175	0.57475
3176	0.577125
3177	0.593625
3178	0.603375
3179	0.600333333333333
3180	0.596
3181	0.589875
3182	0.604375
3183	0.597583333333333
3184	0.585583333333333
3185	0.586541666666667
3186	0.591458333333333
3187	0.597791666666667
3188	0.6105
3189	0.606833333333333
3190	0.61175
3191	0.606541666666667
3192	0.601521739130435
3193	0.626454545454545
3194	0.636458333333333
3195	0.635
3196	0.633625
3197	0.622458333333333
3198	0.621416666666667
3199	0.626333333333333
3200	0.620875
3201	0.616208333333333
3202	0.61025
3203	0.610333333333333
3204	0.610958333333333
3205	0.610217391304348
3206	0.605130434782609
3207	0.60125
3208	0.607333333333333
3209	0.614041666666667
3210	0.616652173913043
3211	0.6155
3212	0.617333333333333
3213	0.61925
3214	0.618041666666667
3215	0.6135
3216	0.619125
3217	0.624166666666667
3218	0.623291666666667
3219	0.615833333333333
3220	0.620583333333333
3221	0.616083333333334
3222	0.616458333333333
3223	0.615041666666667
3224	0.619541666666667
3225	0.634708333333334
3226	0.636166666666667
3227	0.6415
3228	0.642125
3229	0.638833333333333
3230	0.628478260869565
3231	0.614625
3232	0.580833333333333
3233	0.534958333333333
3234	0.492869565217391
3235	0.424541666666667
3236	0.36104347826087
3237	0.3237
3238	0.306260869565217
3239	0.288
3240	0.25425
3241	0.203217391304348
3242	0.122235294117647
3243	0.0296086956521739
3244	0.00786666666666667
3245	NaN
3246	NaN
3247	NaN
3248	NaN
3249	NaN
3250	NaN
3251	NaN
3252	NaN
3253	NaN
3254	NaN
3255	NaN
3256	NaN
3257	NaN
3258	NaN
3259	NaN
3260	NaN
3261	NaN
3262	NaN
3263	NaN
3264	NaN
3265	NaN
3266	NaN
3267	NaN
3268	NaN
3269	NaN
3270	NaN
3271	NaN
3272	NaN
3273	NaN
3274	NaN
3275	NaN
3276	NaN
3277	NaN
3278	NaN
3279	NaN
3280	NaN
3281	NaN
3282	NaN
3283	NaN
3284	NaN
3285	NaN
3286	NaN
3287	NaN
3288	NaN
3289	NaN
3290	NaN
3291	NaN
3292	NaN
3293	NaN
3294	NaN
3295	NaN
3296	NaN
3297	NaN
3298	NaN
3299	NaN
3300	NaN
3301	NaN
3302	NaN
3303	NaN
3304	NaN
3305	NaN
3306	NaN
3307	NaN
3308	NaN
3309	NaN
3310	NaN
3311	NaN
3312	NaN
3313	NaN
3314	NaN
3315	NaN
3316	NaN
3317	NaN
3318	NaN
3319	NaN
3320	NaN
3321	NaN
3322	NaN
3323	NaN
3324	NaN
3325	NaN
3326	NaN
3327	NaN
3328	NaN
3329	NaN
3330	NaN
3331	NaN
3332	NaN
3333	NaN
3334	NaN
3335	NaN
3336	NaN
3337	NaN
3338	NaN
3339	NaN
3340	NaN
3341	NaN
3342	NaN
3343	NaN
3344	NaN
3345	NaN
3346	NaN
3347	NaN
3348	NaN
3349	NaN
3350	0.192571428571429
3351	0.170625
3352	0.163291666666667
3353	0.158041666666667
3354	0.152458333333333
3355	0.150375
3356	0.148333333333333
3357	0.144541666666667
3358	0.142
3359	0.140333333333333
3360	0.139375
3361	0.135318181818182
3362	0.144227272727273
3363	0.15125
3364	0.147458333333333
3365	0.146041666666667
3366	0.186333333333333
3367	0.207958333333333
3368	0.218625
3369	0.252708333333333
3370	0.367458333333333
3371	0.34475
3372	0.323583333333333
3373	0.313791666666667
3374	0.318166666666667
3375	0.315521739130435
3376	0.305
3377	0.302416666666667
3378	0.2955
3379	0.290904761904762
3380	0.285916666666667
3381	0.303652173913043
3382	0.310666666666667
3383	0.303208333333333
3384	0.301
3385	0.308454545454545
3386	0.335833333333333
3387	0.339826086956522
3388	0.327583333333333
3389	0.331954545454545
3390	0.33425
3391	0.328
3392	0.335764705882353
3393	0.330076923076923
3394	0.325428571428571
3395	0.316347826086957
3396	0.328086956521739
3397	0.333565217391304
3398	0.326416666666667
3399	0.329458333333333
3400	0.339722222222222
3401	0.35525
3402	0.347090909090909
3403	0.33955
3404	0.35115
3405	0.353
3406	0.358416666666667
3407	0.350125
3408	0.3525
3409	0.356217391304348
3410	0.353142857142857
3411	0.354894736842105
3412	0.3415625
3413	0.341173913043478
3414	0.360631578947368
3415	0.351125
3416	0.367434782608696
3417	0.394736842105263
3418	0.386666666666667
3419	0.401866666666667
3420	0.390476190476191
3421	0.405166666666667
3422	0.4293125
3423	0.422782608695652
3424	0.419944444444444
3425	0.417384615384615
3426	0.4151
3427	0.4064
3428	0.397166666666667
3429	0.401708333333333
3430	0.417428571428571
3431	0.415047619047619
3432	0.41925
3433	0.4027
3434	0.398916666666667
3435	0.396708333333333
3436	0.402045454545455
3437	0.396416666666667
3438	0.386375
3439	0.375083333333333
3440	0.369958333333333
3441	0.369666666666667
3442	0.374541666666667
3443	0.379304347826087
3444	0.386041666666667
3445	0.391
3446	0.38875
3447	0.390166666666667
3448	0.4241875
3449	0.411565217391304
3450	0.39525
3451	0.409133333333333
3452	0.42275
3453	0.410454545454546
3454	0.399761904761905
3455	0.403958333333333
3456	0.41
3457	0.4505
3458	0.455695652173913
3459	0.455
3460	0.448863636363636
3461	0.460777777777778
3462	0.4945
3463	0.4955
3464	0.487916666666667
3465	0.4855
3466	NaN
3467	0.464
3468	0.500047619047619
3469	0.504181818181818
3470	NaN
3471	NaN
3472	0.468
3473	NaN
3474	NaN
3475	NaN
3476	NaN
3477	NaN
3478	NaN
3479	NaN
3480	NaN
3481	NaN
3482	NaN
3483	NaN
3484	NaN
3485	NaN
3486	NaN
3487	NaN
3488	NaN
3489	NaN
3490	NaN
3491	NaN
3492	NaN
3493	NaN
3494	NaN
3495	NaN
3496	NaN
3497	NaN
3498	NaN
3499	NaN
3500	NaN
3501	NaN
3502	NaN
3503	NaN
3504	NaN
3505	NaN
3506	NaN
3507	NaN
3508	NaN
3509	NaN
3510	NaN
3511	NaN
3512	NaN
3513	NaN
3514	NaN
3515	NaN
3516	NaN
3517	NaN
3518	NaN
3519	NaN
3520	NaN
3521	NaN
3522	NaN
3523	NaN
3524	NaN
3525	NaN
3526	NaN
3527	NaN
3528	NaN
3529	NaN
3530	NaN
3531	NaN
3532	NaN
3533	NaN
3534	NaN
3535	NaN
3536	NaN
3537	NaN
3538	NaN
3539	NaN
3540	NaN
3541	0.519909090909091
3542	0.499454545454545
3543	0.512125
3544	0.530208333333333
3545	0.526857142857143
3546	0.506
3547	0.501764705882353
3548	0.49075
3549	0.4954
3550	0.4925
3551	0.500166666666667
3552	0.5184
3553	0.519272727272727
3554	0.522818181818182
3555	0.524523809523809
3556	0.517285714285714
3557	0.518727272727273
3558	0.5375625
3559	0.534090909090909
3560	0.531894736842105
3561	0.5272
3562	0.521913043478261
3563	0.518904761904762
3564	0.516869565217391
3565	0.511428571428571
3566	0.51215
3567	0.511882352941176
3568	0.51247619047619
3569	0.503411764705882
3570	0.506846153846154
3571	0.528142857142857
3572	0.567666666666667
3573	0.5733125
3574	0.575875
3575	0.5614
3576	0.5785
3577	0.570777777777778
3578	0.569916666666667
3579	0.57275
3580	0.560291666666667
3581	0.529391304347826
3582	0.495533333333333
3583	0.467142857142857
3584	NaN
3585	NaN
3586	NaN
3587	NaN
3588	NaN
3589	NaN
3590	NaN
3591	NaN
3592	NaN
3593	NaN
3594	0.567090909090909
3595	0.533875
3596	0.483958333333333
3597	0.447217391304348
3598	0.446041666666667
3599	0.473375
3600	0.472458333333333
3601	0.448125
3602	0.393541666666667
3603	0.377272727272727
3604	0.349130434782609
3605	0.310625
3606	0.277086956521739
3607	0.223583333333333
3608	0.152739130434783
3609	0.0692173913043478
3610	0.0410833333333333
3611	NaN
3612	NaN
3613	NaN
3614	NaN
3615	NaN
3616	NaN
3617	NaN
3618	NaN
3619	NaN
3620	NaN
3621	NaN
3622	NaN
3623	NaN
3624	NaN
3625	NaN
3626	NaN
3627	NaN
3628	NaN
3629	NaN
3630	NaN
3631	NaN
3632	NaN
3633	NaN
3634	NaN
3635	NaN
3636	NaN
3637	NaN
3638	NaN
3639	NaN
3640	NaN
3641	NaN
3642	NaN
3643	NaN
3644	NaN
3645	NaN
3646	NaN
3647	NaN
3648	NaN
3649	NaN
3650	NaN
3651	NaN
3652	NaN
3653	NaN
3654	NaN
3655	NaN
3656	NaN
3657	NaN
3658	NaN
3659	NaN
3660	NaN
3661	NaN
3662	NaN
3663	NaN
3664	NaN
3665	NaN
3666	NaN
3667	NaN
3668	NaN
3669	NaN
3670	NaN
3671	NaN
3672	NaN
3673	NaN
3674	NaN
3675	NaN
3676	NaN
3677	NaN
3678	NaN
3679	NaN
3680	NaN
3681	NaN
3682	NaN
3683	NaN
3684	NaN
3685	NaN
3686	NaN
3687	NaN
3688	NaN
3689	NaN
3690	NaN
3691	NaN
3692	NaN
3693	NaN
3694	NaN
3695	NaN
3696	NaN
3697	NaN
3698	NaN
3699	NaN
3700	NaN
3701	NaN
3702	NaN
3703	NaN
3704	NaN
3705	NaN
3706	NaN
3707	NaN
3708	NaN
3709	NaN
3710	NaN
3711	NaN
3712	NaN
3713	NaN
3714	NaN
3715	NaN
3716	NaN
3717	NaN
3718	NaN
3719	NaN
3720	NaN
3721	NaN
3722	NaN
3723	NaN
3724	NaN
3725	NaN
3726	NaN
3727	NaN
3728	NaN
3729	NaN
3730	NaN
3731	NaN
3732	NaN
3733	NaN
3734	NaN
3735	NaN
3736	NaN
3737	NaN
3738	NaN
3739	NaN
3740	NaN
3741	NaN
3742	NaN
3743	NaN
3744	NaN
3745	0.0588
3746	0.0823478260869565
3747	0.0850416666666666
3748	0.0592173913043478
3749	0.0605294117647059
3750	0.0630833333333333
3751	0.0539090909090909
3752	0.0625909090909091
3753	0.0682272727272727
3754	0.08195
3755	0.0949166666666667
3756	0.095
3757	0.085
3758	0.07175
3759	0.0560909090909091
3760	0.0962173913043478
3761	0.125208333333333
3762	0.127111111111111
3763	0.105708333333333
3764	0.117541666666667
3765	0.111166666666667
3766	0.104625
3767	0.10025
3768	0.094125
3769	0.104916666666667
3770	0.112458333333333
3771	0.110916666666667
3772	0.104958333333333
3773	0.0994583333333333
3774	0.0880416666666667
3775	0.09275
3776	0.095125
3777	0.112083333333333
3778	0.102916666666667
3779	0.122375
3780	0.123375
3781	0.121125
3782	0.120958333333333
3783	0.111541666666667
3784	0.102291666666667
3785	0.10825
3786	0.1065
3787	0.115041666666667
3788	0.101125
3789	0.102916666666667
3790	0.118166666666667
3791	0.156916666666667
3792	0.212125
3793	0.260958333333333
3794	0.23725
3795	0.208583333333333
3796	0.245666666666667
3797	0.249958333333333
3798	0.246291666666667
3799	0.22925
3800	0.229333333333333
3801	0.22175
3802	0.223625
3803	0.243125
3804	0.26735
3805	0.308157894736842
3806	0.364823529411765
3807	0.3847
3808	0.36795652173913
3809	0.363
3810	0.358
3811	0.345875
3812	0.340208333333333
3813	0.375476190476191
3814	0.411230769230769
3815	0.388583333333333
3816	0.3745
3817	0.3726
3818	0.373708333333333
3819	0.375208333333333
3820	0.37025
3821	NaN
3822	NaN
3823	NaN
3824	NaN
3825	NaN
3826	NaN
3827	NaN
3828	NaN
3829	NaN
3830	NaN
3831	NaN
3832	NaN
3833	NaN
3834	NaN
3835	NaN
3836	NaN
3837	NaN
3838	NaN
3839	NaN
3840	NaN
3841	NaN
3842	NaN
3843	NaN
3844	NaN
3845	NaN
3846	NaN
3847	NaN
3848	NaN
3849	NaN
3850	NaN
3851	NaN
3852	NaN
3853	NaN
3854	NaN
3855	NaN
3856	NaN
3857	NaN
3858	NaN
3859	NaN
3860	NaN
3861	NaN
3862	NaN
3863	NaN
3864	NaN
3865	NaN
3866	NaN
3867	NaN
3868	NaN
3869	NaN
3870	NaN
3871	NaN
3872	NaN
3873	NaN
3874	NaN
3875	NaN
3876	NaN
3877	NaN
3878	NaN
3879	NaN
3880	NaN
3881	NaN
3882	NaN
3883	NaN
3884	NaN
3885	NaN
3886	NaN
3887	NaN
3888	NaN
3889	NaN
3890	NaN
3891	NaN
3892	NaN
3893	NaN
3894	NaN
3895	NaN
3896	NaN
3897	NaN
3898	NaN
3899	NaN
3900	NaN
3901	NaN
3902	NaN
3903	NaN
3904	NaN
3905	NaN
3906	0.6405
3907	0.626
3908	0.6185
3909	0.601
3910	0.650666666666667
3911	NaN
3912	NaN
3913	0.635
3914	NaN
3915	0.646
3916	0.636
3917	NaN
3918	NaN
3919	0.657333333333333
3920	0.67625
3921	0.608
3922	NaN
3923	0.63775
3924	0.6275
3925	0.635
3926	NaN
3927	NaN
3928	0.606
3929	0.6
3930	0.689
3931	0.63025
3932	0.64
3933	NaN
3934	0.641
3935	0.6305
3936	0.642
3937	0.639857142857143
3938	0.6556
3939	NaN
3940	0.637
3941	NaN
3942	NaN
3943	0.655666666666667
3944	0.63225
3945	0.632791666666667
3946	0.633608695652174
3947	0.633375
3948	0.634375
3949	0.635666666666667
3950	0.635541666666667
3951	0.629833333333333
3952	0.612791666666667
3953	0.596541666666667
3954	0.572722222222222
3955	0.569739130434783
3956	0.577166666666667
3957	0.576304347826087
3958	0.562826086956522
3959	0.555647058823529
3960	0.5477
3961	0.525125
3962	0.480347826086956
3963	0.433909090909091
3964	0.3747
3965	0.329458333333333
3966	0.28645
3967	0.236380952380952
3968	0.162666666666667
3969	0.0635454545454546
3970	0.1004
3971	0.0651052631578947
3972	0.0563333333333333
3973	0.0741666666666667
3974	0.057
3975	NaN
3976	NaN
3977	NaN
3978	NaN
3979	NaN
3980	NaN
3981	NaN
3982	NaN
3983	NaN
3984	NaN
3985	NaN
3986	NaN
3987	NaN
3988	NaN
3989	NaN
3990	NaN
3991	NaN
3992	NaN
3993	NaN
3994	NaN
3995	NaN
3996	NaN
3997	NaN
3998	NaN
3999	NaN
4000	NaN
4001	NaN
4002	NaN
4003	NaN
4004	NaN
4005	NaN
4006	NaN
4007	NaN
4008	NaN
4009	NaN
4010	NaN
4011	NaN
4012	NaN
4013	NaN
4014	NaN
4015	NaN
4016	NaN
4017	NaN
4018	NaN
4019	NaN
4020	NaN
4021	NaN
4022	NaN
4023	NaN
4024	NaN
4025	NaN
4026	NaN
4027	NaN
4028	NaN
4029	NaN
4030	NaN
4031	NaN
4032	NaN
4033	NaN
4034	NaN
4035	NaN
4036	NaN
4037	NaN
4038	NaN
4039	NaN
4040	NaN
4041	NaN
4042	NaN
4043	NaN
4044	NaN
4045	NaN
4046	NaN
4047	NaN
4048	NaN
4049	NaN
4050	NaN
4051	NaN
4052	NaN
4053	NaN
4054	NaN
4055	NaN
4056	NaN
4057	NaN
4058	NaN
4059	NaN
4060	NaN
4061	NaN
4062	NaN
4063	NaN
4064	NaN
4065	NaN
4066	NaN
4067	NaN
4068	NaN
4069	NaN
4070	NaN
4071	NaN
4072	NaN
4073	NaN
4074	NaN
4075	NaN
4076	NaN
4077	NaN
4078	NaN
4079	NaN
4080	NaN
4081	NaN
4082	NaN
4083	NaN
4084	NaN
4085	NaN
4086	NaN
4087	NaN
4088	NaN
4089	NaN
4090	NaN
4091	NaN
4092	0.0573333333333333
4093	0.0760416666666667
4094	0.089125
4095	0.0817916666666667
4096	0.0547391304347826
4097	0.0791111111111111
4098	0.0746666666666667
4099	0.0714583333333333
4100	0.067375
4101	0.0739166666666667
4102	0.0787916666666667
4103	0.0820833333333333
4104	0.0806666666666667
4105	0.0825833333333333
4106	0.0871666666666667
4107	0.0812083333333333
4108	0.0747083333333333
4109	0.0700833333333333
4110	0.0675833333333333
4111	0.061125
4112	0.0682916666666667
4113	0.0618333333333333
4114	0.054125
4115	0.048875
4116	0.0466666666666667
4117	0.050125
4118	0.0375833333333333
4119	0.0287058823529412
4120	0.0348181818181818
4121	0.06715
4122	0.0795652173913044
4123	0.0827083333333333
4124	0.0741363636363636
4125	0.0795652173913043
4126	0.100375
4127	0.091047619047619
4128	0.078625
4129	0.074625
4130	0.106904761904762
4131	0.169782608695652
4132	0.194625
4133	0.181916666666667
4134	0.212130434782609
4135	0.251208333333333
4136	0.233458333333333
4137	0.213625
4138	0.199958333333333
4139	0.196625
4140	0.258260869565217
4141	0.303208333333333
4142	0.3195
4143	0.307333333333333
4144	0.297130434782609
4145	0.293166666666667
4146	0.311541666666667
4147	0.299166666666667
4148	0.290958333333333
4149	0.31425
4150	0.317291666666667
4151	0.312333333333333
4152	0.295166666666667
4153	0.289041666666667
4154	0.300291666666667
4155	0.336166666666667
4156	0.36025
4157	0.352916666666667
4158	0.349583333333333
4159	0.358833333333333
4160	0.36195652173913
4161	0.35375
4162	0.35225
4163	0.350434782608696
4164	0.344708333333333
4165	0.355333333333333
4166	0.380083333333333
4167	0.385083333333333
4168	0.404739130434783
4169	0.397173913043478
4170	0.408409090909091
4171	0.394916666666667
4172	0.382875
4173	0.385083333333333
4174	0.382666666666667
4175	0.384375
4176	0.385
4177	0.381958333333333
4178	0.388666666666667
4179	0.383217391304348
4180	0.377625
4181	0.384291666666667
4182	0.381916666666667
4183	0.377
4184	0.377333333333333
4185	0.3925
4186	0.393541666666667
4187	0.3955
4188	0.398166666666667
4189	0.416
4190	0.411708333333333
4191	0.393916666666667
4192	0.411791666666667
4193	0.419333333333333
4194	0.413333333333333
4195	0.411
4196	0.408916666666667
4197	0.40875
4198	0.424291666666667
4199	0.426708333333333
4200	0.428416666666667
4201	0.427625
4202	0.434625
4203	0.449347826086956
4204	0.449285714285714
4205	0.443130434782609
4206	0.457041666666667
4207	0.4445
4208	0.439916666666667
4209	0.441791666666667
4210	0.462157894736842
4211	0.514
4212	0.539809523809524
4213	0.535652173913044
4214	0.526541666666667
4215	0.524391304347826
4216	0.528
4217	0.532
4218	0.540916666666667
4219	0.549125
4220	0.56325
4221	0.564458333333334
4222	0.555458333333333
4223	0.580409090909091
4224	0.585666666666667
4225	0.579833333333333
4226	0.581166666666667
4227	0.573291666666667
4228	0.570291666666667
4229	0.566375
4230	0.563958333333333
4231	0.563916666666667
4232	0.563458333333333
4233	0.558625
4234	0.552541666666667
4235	0.555708333333333
4236	0.553416666666667
4237	0.550583333333333
4238	0.550608695652174
4239	0.550478260869565
4240	0.546958333333333
4241	0.543791666666667
4242	0.541958333333333
4243	0.538666666666667
4244	0.547583333333333
4245	0.560541666666667
4246	0.556541666666666
4247	0.557333333333333
4248	0.571304347826087
4249	0.582291666666667
4250	0.646375
4251	0.65525
4252	0.65075
4253	0.655958333333333
4254	0.657833333333333
4255	0.658583333333333
4256	0.654416666666667
4257	0.653958333333333
4258	0.65475
4259	0.659833333333333
4260	0.663291666666667
4261	0.660875
4262	0.660125
4263	0.666916666666667
4264	0.662833333333333
4265	0.656208333333333
4266	0.660041666666667
4267	0.657708333333333
4268	0.660375
4269	0.660791666666667
4270	0.663541666666667
4271	0.6565
4272	0.653833333333333
4273	0.653125
4274	0.652541666666667
4275	0.649416666666667
4276	0.649625
4277	0.651083333333333
4278	0.654291666666667
4279	0.676375
4280	0.678208333333333
4281	0.679125
4282	0.682458333333333
4283	0.681291666666667
4284	0.68075
4285	0.674208333333333
4286	0.680458333333333
4287	0.692125
4288	0.691916666666667
4289	0.692375
4290	0.692458333333333
4291	0.692125
4292	0.692416666666667
4293	0.69175
4294	0.692608695652174
4295	0.6925
4296	0.692375
4297	0.692375
4298	0.692333333333333
4299	0.691916666666667
4300	0.6925
4301	0.6925
4302	0.691958333333333
4303	0.68825
4304	0.676375
4305	0.673173913043478
4306	0.672173913043478
4307	0.677166666666667
4308	0.67175
4309	0.662
4310	0.656833333333333
4311	0.658791666666666
4312	0.657375
4313	0.655708333333333
4314	0.660666666666667
4315	0.660916666666667
4316	0.657041666666667
4317	0.640791666666667
4318	0.620041666666667
4319	0.617958333333333
4320	0.664375
4321	0.63875
4322	0.6275
4323	0.633545454545455
4324	0.642875
4325	0.629083333333333
4326	0.632181818181818
4327	0.632166666666667
4328	0.635208333333333
4329	0.629958333333333
4330	0.615791666666667
4331	0.599791666666667
4332	0.587958333333333
4333	0.563083333333333
4334	0.529833333333333
4335	0.492
4336	0.436083333333333
4337	0.376083333333333
4338	0.324458333333333
4339	0.274571428571428
4340	0.207130434782609
4341	0.156826086956522
4342	0.0832083333333333
4343	0.0226086956521739
4344	NaN
4345	NaN
4346	NaN
4347	NaN
4348	NaN
4349	NaN
4350	NaN
4351	NaN
4352	NaN
4353	NaN
4354	NaN
4355	NaN
4356	NaN
4357	NaN
4358	NaN
4359	NaN
4360	NaN
4361	NaN
4362	NaN
4363	NaN
4364	NaN
4365	NaN
4366	NaN
4367	NaN
4368	NaN
4369	NaN
4370	NaN
4371	NaN
4372	NaN
4373	NaN
4374	NaN
4375	NaN
4376	NaN
4377	NaN
4378	NaN
4379	NaN
4380	NaN
4381	NaN
4382	NaN
4383	NaN
4384	NaN
4385	NaN
4386	NaN
4387	NaN
4388	NaN
4389	NaN
4390	NaN
4391	NaN
4392	NaN
4393	NaN
4394	NaN
4395	NaN
4396	NaN
4397	NaN
4398	NaN
4399	NaN
4400	NaN
4401	NaN
4402	NaN
4403	NaN
4404	NaN
4405	NaN
4406	NaN
4407	NaN
4408	NaN
4409	NaN
4410	NaN
4411	NaN
4412	NaN
4413	NaN
4414	NaN
4415	NaN
4416	NaN
4417	NaN
4418	NaN
4419	NaN
4420	NaN
4421	NaN
4422	NaN
4423	NaN
4424	NaN
4425	NaN
4426	NaN
4427	NaN
4428	NaN
4429	NaN
4430	NaN
4431	NaN
4432	NaN
4433	NaN
4434	NaN
4435	NaN
4436	NaN
4437	NaN
4438	NaN
4439	NaN
4440	NaN
4441	NaN
4442	NaN
4443	NaN
4444	NaN
4445	NaN
4446	NaN
4447	NaN
4448	NaN
4449	NaN
4450	NaN
4451	NaN
4452	NaN
4453	NaN
4454	NaN
4455	NaN
4456	NaN
4457	NaN
4458	NaN
4459	NaN
4460	NaN
4461	NaN
4462	NaN
4463	NaN
4464	NaN
4465	NaN
4466	NaN
4467	NaN
4468	NaN
4469	NaN
4470	NaN
4471	0.0311333333333333
4472	0.0143333333333333
4473	0.0112173913043478
4474	0.0210952380952381
4475	0.0150416666666667
4476	0.0155833333333333
4477	0.0189130434782609
4478	0.0184166666666667
4479	0
4480	0
4481	0
4482	0
4483	0
4484	0
4485	0
4486	0
4487	0.022875
4488	0.0360416666666667
4489	0.013
4490	0.00166666666666667
4491	0.00433333333333333
4492	0.0327916666666667
4493	0.049
4494	0.0434583333333333
4495	0.02225
4496	0.0232083333333333
4497	0.0290833333333333
4498	0.03
4499	0.0367916666666667
4500	0.0514166666666667
4501	0.055375
4502	0.068625
4503	0.0892916666666667
4504	0.087625
4505	0.155875
4506	0.165541666666667
4507	0.148
4508	0.136375
4509	0.126333333333333
4510	0.122166666666667
4511	0.112083333333333
4512	0.116125
4513	0.120833333333333
4514	0.138125
4515	0.134666666666667
4516	0.13325
4517	0.155583333333333
4518	0.193083333333333
4519	0.19025
4520	0.190125
4521	0.185291666666667
4522	0.2155
4523	0.211291666666667
4524	0.201583333333333
4525	0.201875
4526	0.199875
4527	0.221083333333333
4528	0.220208333333333
4529	0.207375
4530	0.204583333333333
4531	0.197291666666667
4532	0.211416666666667
4533	0.215458333333333
4534	0.216208333333333
4535	0.194625
4536	0.193583333333333
4537	0.189208333333333
4538	0.210791666666667
4539	0.202875
4540	0.2395
4541	0.23525
4542	0.226791666666667
4543	0.219208333333333
4544	0.204208333333333
4545	0.19325
4546	0.18475
4547	0.189083333333333
4548	0.195625
4549	0.208833333333333
4550	0.216125
4551	0.231625
4552	0.217625
4553	0.226333333333333
4554	0.223875
4555	0.218375
4556	0.222708333333333
4557	0.225583333333333
4558	0.214083333333333
4559	0.222916666666667
4560	0.225913043478261
4561	0.231041666666667
4562	0.221666666666667
4563	0.2194
4564	0.216695652173913
4565	0.211583333333333
4566	0.212208333333333
4567	0.207166666666667
4568	0.218916666666667
4569	0.222791666666667
4570	0.221833333333333
4571	0.226826086956522
4572	0.220708333333333
4573	0.232375
4574	0.266
4575	0.255958333333333
4576	0.260958333333333
4577	0.293375
4578	0.30425
4579	0.309333333333333
4580	0.310333333333333
4581	0.302083333333333
4582	0.304541666666667
4583	0.296291666666667
4584	0.308708333333333
4585	0.301458333333333
4586	0.342458333333333
4587	0.339458333333333
4588	0.339458333333333
4589	0.33825
4590	0.322166666666667
4591	0.316166666666667
4592	0.307625
4593	0.318583333333333
4594	0.328916666666667
4595	0.323083333333333
4596	0.337416666666667
4597	0.324708333333333
4598	0.328083333333333
4599	0.324666666666667
4600	0.331166666666667
4601	0.35675
4602	0.339041666666667
4603	0.347541666666667
4604	0.347
4605	0.341083333333333
4606	0.362083333333333
4607	0.35825
4608	0.358916666666667
4609	0.3635
4610	0.358916666666667
4611	0.364458333333333
4612	0.375833333333333
4613	0.383416666666667
4614	0.381
4615	0.395416666666667
4616	0.405708333333333
4617	0.400166666666667
4618	0.382666666666667
4619	0.385
4620	0.40875
4621	0.419083333333333
4622	0.430625
4623	0.418
4624	0.430791666666667
4625	0.444791666666667
4626	0.433541666666667
4627	0.442041666666667
4628	0.438458333333333
4629	0.441875
4630	0.451
4631	0.447333333333333
4632	0.438875
4633	0.450416666666667
4634	0.440458333333333
4635	0.43025
4636	0.42375
4637	0.422791666666667
4638	0.422458333333333
4639	0.424125
4640	0.4305
4641	0.431083333333333
4642	0.43025
4643	0.436416666666667
4644	0.451416666666667
4645	0.446041666666667
4646	0.44525
4647	0.4505
4648	0.460333333333333
4649	0.456458333333333
4650	0.462833333333333
4651	0.459333333333333
4652	0.454875
4653	0.456083333333333
4654	0.447541666666667
4655	0.439416666666667
4656	0.458625
4657	0.46075
4658	0.456833333333333
4659	0.454125
4660	0.45525
4661	0.446666666666667
4662	0.450166666666667
4663	0.464833333333333
4664	0.459791666666667
4665	0.453208333333333
4666	0.455583333333333
4667	0.471791666666667
4668	0.512083333333333
4669	0.510708333333333
4670	0.509875
4671	0.504875
4672	0.500083333333333
4673	0.490083333333333
4674	0.489291666666667
4675	0.50225
4676	0.500166666666667
4677	0.502875
4678	0.502333333333333
4679	0.505708333333333
4680	0.546083333333333
4681	0.54425
4682	0.532166666666667
4683	0.535708333333333
4684	0.524333333333333
4685	0.513
4686	0.493958333333333
4687	0.474375
4688	0.459541666666667
4689	0.454041666666667
4690	0.450708333333333
4691	0.435083333333333
4692	0.424
4693	0.415291666666667
4694	0.383083333333333
4695	0.341666666666667
4696	0.305125
4697	0.279666666666667
4698	0.256291666666667
4699	0.244333333333333
4700	0.21825
4701	0.16025
4702	0.0647916666666667
4703	0.0332916666666667
4704	0.00829166666666667
4705	0
4706	0
4707	NaN
4708	NaN
4709	NaN
4710	NaN
4711	NaN
4712	NaN
4713	NaN
4714	NaN
4715	NaN
4716	NaN
4717	NaN
4718	NaN
4719	NaN
4720	NaN
4721	NaN
4722	NaN
4723	NaN
4724	NaN
4725	NaN
4726	NaN
4727	NaN
4728	NaN
4729	NaN
4730	NaN
4731	NaN
4732	NaN
4733	NaN
4734	NaN
4735	NaN
4736	NaN
4737	NaN
4738	NaN
4739	NaN
4740	NaN
4741	NaN
4742	NaN
4743	NaN
4744	NaN
4745	NaN
4746	NaN
4747	NaN
4748	NaN
4749	NaN
4750	NaN
4751	NaN
4752	NaN
4753	NaN
4754	NaN
4755	NaN
4756	NaN
4757	NaN
4758	NaN
4759	NaN
4760	NaN
4761	NaN
4762	NaN
4763	NaN
4764	NaN
4765	NaN
4766	NaN
4767	NaN
4768	NaN
4769	NaN
4770	NaN
4771	NaN
4772	NaN
4773	NaN
4774	NaN
4775	NaN
4776	NaN
4777	NaN
4778	NaN
4779	NaN
4780	NaN
4781	NaN
4782	NaN
4783	NaN
4784	NaN
4785	NaN
4786	NaN
4787	NaN
4788	NaN
4789	NaN
4790	NaN
4791	NaN
4792	NaN
4793	NaN
4794	NaN
4795	NaN
4796	NaN
4797	NaN
4798	NaN
4799	NaN
4800	NaN
4801	NaN
4802	NaN
4803	NaN
4804	NaN
4805	NaN
4806	NaN
4807	NaN
4808	NaN
4809	NaN
4810	NaN
4811	NaN
4812	NaN
4813	NaN
4814	NaN
4815	NaN
4816	NaN
4817	NaN
4818	NaN
4819	NaN
4820	NaN
4821	NaN
4822	NaN
4823	NaN
4824	NaN
4825	NaN
4826	NaN
4827	NaN
4828	NaN
4829	NaN
4830	NaN
4831	NaN
4832	NaN
4833	NaN
4834	NaN
4835	NaN
4836	NaN
4837	NaN
4838	NaN
4839	NaN
4840	NaN
4841	NaN
4842	NaN
4843	NaN
4844	NaN
4845	NaN
4846	NaN
4847	NaN
4848	NaN
4849	NaN
4850	NaN
4851	NaN
4852	NaN
4853	NaN
4854	NaN
4855	NaN
4856	NaN
4857	NaN
4858	NaN
4859	NaN
4860	NaN
4861	NaN
4862	NaN
4863	NaN
4864	NaN
4865	NaN
4866	NaN
4867	NaN
4868	NaN
4869	NaN
4870	NaN
4871	NaN
4872	NaN
4873	NaN
4874	NaN
4875	NaN
4876	NaN
4877	NaN
4878	NaN
4879	NaN
4880	NaN
4881	NaN
4882	NaN
4883	NaN
4884	NaN
4885	NaN
4886	NaN
4887	NaN
4888	NaN
4889	NaN
4890	NaN
4891	NaN
4892	NaN
4893	NaN
4894	NaN
4895	NaN
4896	NaN
4897	NaN
4898	NaN
4899	NaN
4900	NaN
4901	NaN
4902	NaN
4903	NaN
4904	NaN
4905	NaN
4906	NaN
4907	NaN
4908	NaN
4909	NaN
4910	NaN
4911	NaN
4912	NaN
4913	NaN
4914	NaN
4915	NaN
4916	NaN
4917	NaN
4918	NaN
4919	NaN
4920	NaN
4921	NaN
4922	NaN
4923	NaN
4924	NaN
4925	NaN
4926	NaN
4927	NaN
4928	NaN
4929	NaN
4930	NaN
4931	NaN
4932	NaN
4933	NaN
4934	NaN
4935	NaN
4936	NaN
4937	NaN
4938	NaN
4939	NaN
4940	NaN
4941	NaN
4942	NaN
4943	NaN
4944	NaN
4945	NaN
4946	NaN
4947	NaN
4948	NaN
4949	NaN
4950	NaN
4951	NaN
4952	NaN
4953	NaN
4954	NaN
4955	NaN
4956	NaN
4957	NaN
4958	NaN
4959	NaN
4960	NaN
4961	NaN
4962	NaN
4963	NaN
4964	NaN
4965	NaN
4966	NaN
4967	NaN
4968	NaN
4969	NaN
4970	NaN
4971	NaN
4972	NaN
4973	NaN
4974	NaN
4975	NaN
4976	NaN
4977	NaN
4978	NaN
4979	NaN
4980	NaN
4981	NaN
4982	NaN
4983	NaN
4984	NaN
4985	NaN
4986	NaN
4987	NaN
4988	NaN
4989	NaN
4990	NaN
4991	NaN
4992	NaN
4993	NaN
4994	NaN
4995	NaN
4996	NaN
4997	NaN
4998	NaN
4999	NaN
5000	NaN
5001	NaN
5002	NaN
5003	NaN
5004	NaN
5005	NaN
5006	NaN
5007	NaN
5008	NaN
5009	NaN
5010	NaN
5011	NaN
5012	NaN
5013	NaN
5014	NaN
5015	NaN
5016	NaN
5017	NaN
5018	NaN
5019	NaN
5020	NaN
5021	NaN
5022	NaN
5023	NaN
5024	NaN
5025	NaN
5026	NaN
5027	NaN
5028	NaN
5029	NaN
5030	NaN
5031	NaN
5032	NaN
5033	NaN
5034	NaN
5035	NaN
5036	NaN
5037	NaN
5038	NaN
5039	NaN
5040	NaN
5041	NaN
5042	NaN
5043	NaN
5044	NaN
5045	NaN
5046	NaN
5047	NaN
5048	NaN
5049	NaN
5050	NaN
5051	NaN
5052	NaN
5053	NaN
5054	NaN
5055	NaN
5056	NaN
5057	NaN
5058	NaN
5059	NaN
5060	NaN
5061	NaN
5062	NaN
5063	NaN
5064	NaN
5065	NaN
5066	NaN
5067	NaN
5068	NaN
5069	NaN
5070	NaN
5071	NaN
5072	NaN
5073	NaN
5074	NaN
5075	NaN
5076	NaN
5077	NaN
5078	NaN
5079	NaN
5080	NaN
5081	NaN
5082	NaN
5083	NaN
5084	NaN
5085	NaN
5086	NaN
5087	NaN
5088	NaN
5089	NaN
5090	NaN
5091	NaN
5092	NaN
5093	NaN
5094	NaN
5095	NaN
5096	NaN
5097	NaN
5098	NaN
5099	NaN
5100	NaN
5101	NaN
5102	NaN
5103	NaN
5104	NaN
5105	NaN
5106	NaN
5107	NaN
5108	NaN
5109	NaN
5110	NaN
5111	NaN
5112	NaN
5113	NaN
5114	NaN
5115	NaN
5116	NaN
5117	NaN
5118	NaN
5119	NaN
5120	NaN
5121	NaN
5122	NaN
5123	NaN
5124	NaN
5125	NaN
5126	NaN
5127	NaN
5128	NaN
5129	NaN
5130	NaN
5131	NaN
5132	NaN
5133	NaN
5134	NaN
5135	NaN
5136	NaN
5137	NaN
5138	NaN
5139	NaN
5140	NaN
5141	NaN
5142	NaN
5143	NaN
5144	NaN
5145	NaN
5146	NaN
5147	NaN
5148	NaN
5149	NaN
5150	NaN
5151	NaN
5152	NaN
5153	NaN
5154	NaN
5155	NaN
5156	NaN
5157	NaN
5158	NaN
5159	NaN
5160	NaN
5161	NaN
5162	NaN
5163	NaN
5164	NaN
5165	NaN
5166	NaN
5167	NaN
5168	NaN
5169	NaN
5170	NaN
5171	NaN
5172	NaN
5173	NaN
5174	NaN
5175	NaN
5176	NaN
5177	NaN
5178	NaN
5179	NaN
5180	NaN
5181	NaN
5182	NaN
5183	NaN
5184	NaN
5185	NaN
5186	NaN
5187	NaN
5188	NaN
5189	NaN
5190	NaN
5191	NaN
5192	NaN
5193	NaN
5194	NaN
5195	NaN
5196	NaN
5197	NaN
5198	NaN
5199	NaN
5200	NaN
5201	NaN
5202	NaN
5203	NaN
5204	NaN
5205	NaN
5206	NaN
5207	NaN
5208	NaN
5209	NaN
5210	NaN
5211	NaN
5212	NaN
5213	NaN
5214	NaN
5215	NaN
5216	NaN
5217	NaN
5218	NaN
5219	NaN
5220	NaN
5221	NaN
5222	NaN
5223	NaN
5224	NaN
5225	NaN
5226	NaN
5227	NaN
5228	NaN
5229	NaN
5230	NaN
5231	NaN
5232	NaN
5233	NaN
5234	NaN
5235	NaN
5236	NaN
5237	NaN
5238	NaN
5239	NaN
5240	NaN
5241	NaN
5242	NaN
5243	NaN
5244	NaN
5245	NaN
5246	NaN
5247	NaN
5248	NaN
5249	NaN
5250	NaN
5251	NaN
5252	NaN
5253	NaN
5254	NaN
5255	NaN
5256	NaN
5257	NaN
5258	NaN
5259	NaN
5260	NaN
5261	NaN
5262	NaN
5263	NaN
5264	NaN
5265	NaN
5266	NaN
5267	NaN
5268	NaN
5269	NaN
5270	NaN
5271	NaN
5272	NaN
5273	NaN
5274	NaN
5275	NaN
5276	NaN
5277	NaN
5278	NaN
5279	NaN
5280	NaN
5281	NaN
5282	NaN
5283	NaN
5284	NaN
5285	NaN
5286	NaN
5287	NaN
5288	NaN
5289	NaN
5290	NaN
5291	NaN
5292	NaN
5293	NaN
5294	NaN
5295	NaN
5296	NaN
5297	NaN
5298	NaN
5299	NaN
5300	NaN
5301	NaN
5302	NaN
5303	NaN
5304	NaN
5305	NaN
5306	NaN
5307	NaN
5308	NaN
5309	NaN
5310	NaN
5311	NaN
5312	NaN
5313	NaN
5314	NaN
5315	NaN
5316	NaN
5317	NaN
5318	NaN
5319	NaN
5320	NaN
5321	NaN
5322	NaN
5323	NaN
5324	NaN
5325	NaN
5326	NaN
5327	NaN
5328	NaN
5329	NaN
5330	NaN
5331	NaN
5332	NaN
5333	NaN
5334	NaN
5335	NaN
5336	NaN
5337	NaN
5338	NaN
5339	NaN
5340	NaN
5341	NaN
5342	NaN
5343	NaN
5344	NaN
5345	NaN
5346	NaN
5347	NaN
5348	NaN
5349	NaN
5350	NaN
5351	NaN
5352	NaN
5353	NaN
5354	NaN
5355	NaN
5356	NaN
5357	NaN
5358	NaN
5359	NaN
5360	NaN
5361	NaN
5362	NaN
5363	NaN
5364	NaN
5365	NaN
5366	NaN
5367	NaN
5368	NaN
5369	NaN
5370	NaN
5371	NaN
5372	NaN
5373	NaN
5374	NaN
5375	NaN
5376	NaN
5377	NaN
5378	NaN
5379	NaN
5380	NaN
5381	NaN
5382	NaN
5383	NaN
5384	NaN
5385	NaN
5386	NaN
5387	NaN
5388	NaN
5389	NaN
5390	NaN
5391	NaN
5392	NaN
5393	NaN
5394	NaN
5395	NaN
5396	NaN
5397	NaN
5398	NaN
5399	NaN
5400	NaN
5401	NaN
5402	NaN
5403	NaN
5404	NaN
5405	NaN
5406	NaN
5407	NaN
5408	NaN
5409	NaN
5410	NaN
5411	NaN
5412	NaN
5413	NaN
5414	NaN
5415	NaN
5416	NaN
5417	NaN
5418	NaN
5419	NaN
5420	NaN
5421	NaN
5422	NaN
5423	NaN
5424	NaN
5425	NaN
5426	NaN
5427	NaN
5428	NaN
5429	NaN
5430	NaN
5431	NaN
5432	NaN
5433	NaN
5434	NaN
5435	NaN
5436	NaN
5437	NaN
5438	NaN
5439	NaN
5440	NaN
5441	NaN
5442	NaN
5443	NaN
5444	NaN
5445	NaN
5446	NaN
5447	NaN
5448	NaN
5449	NaN
5450	NaN
5451	NaN
5452	NaN
5453	NaN
5454	NaN
5455	NaN
5456	NaN
5457	NaN
5458	NaN
5459	NaN
5460	NaN
5461	NaN
5462	NaN
5463	NaN
5464	NaN
5465	NaN
5466	NaN
5467	NaN
5468	NaN
5469	NaN
5470	NaN
5471	NaN
5472	NaN
5473	NaN
5474	NaN
5475	NaN
5476	NaN
5477	NaN
5478	NaN
5479	NaN
5480	NaN
5481	NaN
5482	NaN
5483	NaN
5484	NaN
5485	NaN
5486	NaN
5487	NaN
5488	NaN
5489	NaN
5490	NaN
5491	NaN
5492	NaN
5493	NaN
5494	NaN
5495	NaN
5496	NaN
5497	NaN
5498	NaN
5499	NaN
5500	NaN
5501	NaN
5502	NaN
5503	NaN
5504	NaN
5505	NaN
5506	NaN
5507	NaN
5508	NaN
5509	NaN
5510	NaN
5511	NaN
5512	NaN
5513	NaN
5514	NaN
5515	NaN
5516	NaN
5517	NaN
5518	NaN
5519	NaN
5520	NaN
5521	NaN
5522	NaN
5523	NaN
5524	NaN
5525	NaN
5526	NaN
5527	NaN
5528	NaN
5529	NaN
5530	NaN
5531	NaN
5532	NaN
5533	NaN
5534	NaN
5535	NaN
5536	NaN
5537	NaN
5538	NaN
5539	NaN
5540	NaN
5541	NaN
5542	NaN
5543	NaN
5544	NaN
5545	NaN
5546	NaN
5547	NaN
5548	NaN
5549	NaN
5550	NaN
5551	NaN
5552	NaN
5553	NaN
5554	NaN
5555	NaN
5556	NaN
5557	NaN
5558	NaN
5559	NaN
5560	NaN
5561	NaN
5562	NaN
5563	NaN
5564	NaN
5565	NaN
5566	NaN
5567	NaN
5568	NaN
5569	NaN
5570	NaN
5571	NaN
5572	NaN
5573	NaN
5574	NaN
5575	NaN
5576	NaN
5577	NaN
5578	NaN
5579	NaN
5580	NaN
5581	NaN
5582	NaN
5583	NaN
5584	NaN
5585	NaN
5586	NaN
5587	NaN
5588	NaN
5589	NaN
5590	NaN
5591	NaN
5592	NaN
5593	NaN
5594	NaN
5595	NaN
5596	NaN
5597	NaN
5598	NaN
5599	NaN
5600	NaN
5601	NaN
5602	NaN
5603	NaN
5604	NaN
5605	NaN
5606	NaN
5607	NaN
5608	NaN
5609	NaN
5610	NaN
5611	NaN
5612	NaN
5613	NaN
5614	NaN
5615	NaN
5616	NaN
5617	NaN
5618	NaN
5619	NaN
5620	NaN
5621	NaN
5622	NaN
5623	NaN
5624	NaN
5625	NaN
5626	NaN
5627	NaN
5628	NaN
5629	NaN
5630	NaN
5631	NaN
5632	NaN
5633	NaN
5634	NaN
5635	NaN
5636	NaN
5637	NaN
5638	NaN
5639	NaN
5640	NaN
5641	NaN
5642	NaN
5643	NaN
5644	NaN
5645	NaN
5646	NaN
5647	NaN
5648	NaN
5649	NaN
5650	NaN
5651	NaN
5652	NaN
5653	NaN
5654	NaN
5655	NaN
5656	NaN
5657	NaN
5658	NaN
5659	NaN
5660	NaN
5661	NaN
5662	NaN
5663	NaN
5664	NaN
5665	NaN
5666	NaN
5667	NaN
5668	NaN
5669	NaN
5670	NaN
5671	NaN
5672	NaN
5673	NaN
5674	NaN
5675	NaN
5676	NaN
5677	NaN
5678	NaN
5679	NaN
5680	NaN
5681	NaN
5682	NaN
5683	NaN
5684	NaN
5685	NaN
5686	NaN
5687	NaN
5688	NaN
5689	NaN
5690	NaN
5691	NaN
5692	NaN
5693	NaN
5694	NaN
5695	NaN
5696	NaN
5697	NaN
5698	NaN
5699	NaN
5700	NaN
5701	NaN
5702	NaN
5703	NaN
5704	NaN
5705	NaN
5706	NaN
5707	NaN
5708	NaN
5709	NaN
5710	NaN
5711	NaN
5712	NaN
5713	NaN
5714	NaN
5715	NaN
5716	NaN
5717	NaN
5718	NaN
5719	NaN
5720	NaN
5721	NaN
5722	NaN
5723	NaN
5724	NaN
5725	NaN
5726	NaN
5727	NaN
5728	NaN
5729	NaN
5730	NaN
5731	NaN
5732	NaN
5733	NaN
5734	NaN
5735	NaN
5736	NaN
5737	NaN
5738	NaN
5739	NaN
5740	NaN
5741	NaN
5742	NaN
5743	NaN
5744	NaN
5745	NaN
5746	NaN
5747	NaN
5748	NaN
5749	NaN
5750	NaN
5751	NaN
5752	NaN
5753	NaN
5754	NaN
5755	NaN
5756	NaN
5757	NaN
5758	NaN
5759	NaN
5760	NaN
5761	NaN
5762	NaN
5763	NaN
5764	NaN
5765	NaN
5766	NaN
5767	NaN
5768	NaN
5769	NaN
5770	NaN
5771	NaN
5772	NaN
5773	NaN
5774	NaN
5775	NaN
5776	NaN
5777	NaN
5778	NaN
5779	NaN
5780	NaN
5781	NaN
5782	NaN
5783	NaN
5784	NaN
5785	NaN
5786	NaN
5787	NaN
5788	NaN
5789	NaN
5790	NaN
5791	NaN
5792	NaN
5793	NaN
5794	NaN
5795	NaN
5796	NaN
5797	NaN
5798	NaN
5799	NaN
5800	NaN
5801	NaN
5802	NaN
5803	NaN
5804	NaN
5805	NaN
5806	NaN
5807	NaN
5808	NaN
5809	NaN
5810	NaN
5811	NaN
5812	NaN
5813	NaN
5814	NaN
5815	NaN
5816	NaN
5817	NaN
5818	NaN
5819	NaN
5820	NaN
5821	NaN
5822	NaN
5823	NaN
5824	NaN
5825	NaN
5826	NaN
5827	NaN
5828	NaN
5829	NaN
5830	NaN
5831	NaN
5832	NaN
5833	NaN
5834	NaN
5835	NaN
5836	NaN
5837	NaN
5838	NaN
5839	NaN
5840	NaN
5841	NaN
5842	NaN
5843	NaN
5844	NaN
5845	NaN
5846	NaN
5847	NaN
5848	NaN
5849	NaN
5850	NaN
5851	NaN
5852	NaN
5853	NaN
5854	NaN
5855	NaN
5856	NaN
5857	NaN
5858	NaN
5859	NaN
5860	NaN
5861	NaN
5862	NaN
5863	NaN
5864	NaN
5865	NaN
5866	NaN
5867	NaN
5868	NaN
5869	NaN
5870	NaN
5871	NaN
5872	NaN
5873	NaN
5874	NaN
5875	NaN
5876	NaN
5877	NaN
5878	NaN
5879	NaN
5880	NaN
5881	NaN
5882	NaN
5883	NaN
5884	NaN
5885	NaN
5886	NaN
5887	NaN
5888	NaN
5889	NaN
5890	NaN
5891	NaN
5892	NaN
5893	NaN
5894	NaN
5895	NaN
5896	NaN
5897	NaN
5898	NaN
5899	NaN
5900	NaN
5901	NaN
5902	NaN
5903	NaN
5904	NaN
5905	NaN
5906	NaN
5907	NaN
5908	NaN
5909	NaN
5910	NaN
5911	NaN
5912	NaN
5913	NaN
5914	NaN
5915	NaN
5916	NaN
5917	NaN
5918	NaN
5919	NaN
5920	NaN
5921	NaN
5922	NaN
5923	NaN
5924	NaN
5925	NaN
5926	NaN
5927	NaN
5928	NaN
5929	NaN
5930	NaN
5931	NaN
5932	NaN
5933	NaN
5934	NaN
5935	NaN
5936	NaN
5937	NaN
5938	NaN
5939	NaN
5940	NaN
5941	NaN
5942	NaN
5943	NaN
5944	NaN
5945	NaN
5946	NaN
5947	NaN
5948	NaN
5949	NaN
5950	NaN
5951	NaN
5952	NaN
5953	NaN
5954	NaN
5955	NaN
5956	NaN
5957	NaN
5958	NaN
5959	NaN
5960	NaN
5961	NaN
5962	NaN
5963	NaN
5964	NaN
5965	NaN
5966	NaN
5967	NaN
5968	NaN
5969	NaN
5970	NaN
5971	NaN
5972	NaN
5973	NaN
5974	NaN
5975	NaN
5976	NaN
5977	NaN
5978	NaN
5979	NaN
5980	NaN
5981	NaN
5982	NaN
5983	NaN
5984	NaN
5985	NaN
5986	NaN
5987	NaN
5988	NaN
5989	NaN
5990	NaN
5991	NaN
5992	NaN
5993	NaN
5994	NaN
5995	NaN
5996	NaN
5997	NaN
5998	NaN
5999	NaN
6000	NaN
6001	NaN
6002	NaN
6003	NaN
6004	NaN
6005	NaN
6006	NaN
6007	NaN
6008	NaN
6009	NaN
6010	NaN
6011	NaN
6012	NaN
6013	NaN
6014	NaN
6015	NaN
6016	NaN
6017	NaN
6018	NaN
6019	NaN
6020	NaN
6021	NaN
6022	NaN
6023	NaN
6024	NaN
6025	NaN
6026	NaN
6027	NaN
6028	NaN
6029	NaN
6030	NaN
6031	NaN
6032	NaN
6033	NaN
6034	NaN
6035	NaN
6036	NaN
6037	NaN
6038	NaN
6039	NaN
6040	NaN
6041	NaN
6042	NaN
6043	NaN
6044	NaN
6045	NaN
6046	NaN
6047	NaN
6048	NaN
6049	NaN
6050	NaN
6051	NaN
6052	NaN
6053	NaN
6054	NaN
6055	NaN
6056	NaN
6057	NaN
6058	NaN
6059	NaN
6060	NaN
6061	NaN
6062	NaN
6063	NaN
6064	NaN
6065	NaN
6066	NaN
6067	NaN
6068	NaN
6069	NaN
6070	NaN
6071	NaN
6072	NaN
6073	NaN
6074	NaN
6075	NaN
6076	NaN
6077	NaN
6078	NaN
6079	NaN
6080	NaN
6081	NaN
6082	NaN
6083	NaN
6084	NaN
6085	NaN
6086	NaN
6087	NaN
6088	NaN
6089	NaN
6090	NaN
6091	NaN
6092	NaN
6093	NaN
6094	NaN
6095	NaN
6096	NaN
6097	NaN
6098	NaN
6099	NaN
6100	NaN
6101	NaN
6102	NaN
6103	NaN
6104	NaN
6105	NaN
6106	NaN
6107	NaN
6108	NaN
6109	NaN
6110	NaN
6111	NaN
6112	NaN
6113	NaN
6114	NaN
6115	NaN
6116	NaN
6117	NaN
6118	NaN
6119	NaN
6120	NaN
6121	NaN
6122	NaN
6123	NaN
6124	NaN
6125	NaN
6126	NaN
6127	NaN
6128	NaN
6129	NaN
6130	NaN
6131	NaN
6132	NaN
6133	NaN
6134	NaN
6135	NaN
6136	NaN
6137	NaN
6138	NaN
6139	NaN
6140	NaN
6141	NaN
6142	NaN
6143	NaN
6144	NaN
6145	NaN
6146	NaN
6147	NaN
6148	NaN
6149	NaN
6150	NaN
6151	NaN
6152	NaN
6153	NaN
6154	NaN
6155	NaN
6156	NaN
6157	NaN
6158	NaN
6159	NaN
6160	NaN
6161	NaN
6162	NaN
6163	NaN
6164	NaN
6165	NaN
6166	NaN
6167	NaN
6168	NaN
6169	NaN
6170	NaN
6171	NaN
6172	NaN
6173	NaN
6174	NaN
6175	NaN
6176	NaN
6177	NaN
6178	NaN
6179	NaN
6180	NaN
6181	NaN
6182	NaN
6183	NaN
6184	NaN
6185	NaN
6186	NaN
6187	NaN
6188	NaN
6189	NaN
6190	NaN
6191	NaN
6192	NaN
6193	NaN
6194	NaN
6195	NaN
6196	NaN
6197	NaN
6198	NaN
6199	NaN
6200	NaN
6201	NaN
6202	NaN
6203	NaN
6204	NaN
6205	NaN
6206	NaN
6207	NaN
6208	NaN
6209	NaN
6210	NaN
6211	NaN
6212	NaN
6213	NaN
6214	NaN
6215	NaN
6216	NaN
6217	NaN
6218	NaN
6219	NaN
6220	NaN
6221	NaN
6222	NaN
6223	NaN
6224	NaN
6225	NaN
6226	NaN
6227	NaN
6228	NaN
6229	NaN
6230	NaN
6231	NaN
6232	NaN
6233	NaN
6234	NaN
6235	NaN
6236	NaN
6237	NaN
6238	NaN
6239	NaN
6240	NaN
6241	NaN
6242	NaN
6243	NaN
6244	NaN
6245	NaN
6246	NaN
6247	NaN
6248	NaN
6249	NaN
6250	NaN
6251	NaN
6252	NaN
6253	NaN
6254	NaN
6255	NaN
6256	NaN
6257	NaN
6258	NaN
6259	NaN
6260	NaN
6261	NaN
6262	NaN
6263	NaN
6264	NaN
6265	NaN
6266	NaN
6267	NaN
6268	NaN
6269	NaN
6270	NaN
6271	NaN
6272	NaN
6273	NaN
6274	NaN
6275	NaN
6276	NaN
6277	NaN
6278	NaN
6279	NaN
6280	NaN
6281	NaN
6282	NaN
6283	NaN
6284	NaN
6285	NaN
6286	NaN
6287	NaN
6288	NaN
6289	NaN
6290	NaN
6291	NaN
6292	NaN
6293	NaN
6294	NaN
6295	NaN
6296	NaN
6297	NaN
6298	NaN
6299	NaN
6300	NaN
6301	NaN
6302	NaN
6303	NaN
6304	NaN
6305	NaN
6306	NaN
6307	NaN
6308	NaN
6309	NaN
6310	NaN
6311	NaN
6312	NaN
6313	NaN
6314	NaN
6315	NaN
6316	NaN
6317	NaN
6318	NaN
6319	NaN
6320	NaN
6321	NaN
6322	NaN
6323	NaN
6324	NaN
6325	NaN
6326	NaN
6327	NaN
6328	NaN
6329	NaN
6330	NaN
6331	NaN
6332	NaN
6333	NaN
6334	NaN
6335	NaN
6336	NaN
6337	NaN
6338	NaN
6339	NaN
6340	NaN
6341	NaN
6342	NaN
6343	NaN
6344	NaN
6345	NaN
6346	NaN
6347	NaN
6348	NaN
6349	NaN
6350	NaN
6351	NaN
6352	NaN
6353	NaN
6354	NaN
6355	NaN
6356	NaN
6357	NaN
6358	NaN
6359	NaN
6360	NaN
6361	NaN
6362	NaN
6363	NaN
6364	NaN
6365	NaN
6366	NaN
6367	NaN
6368	NaN
6369	NaN
6370	NaN
6371	NaN
6372	NaN
6373	NaN
6374	NaN
6375	NaN
6376	NaN
6377	NaN
6378	NaN
6379	NaN
6380	NaN
6381	NaN
6382	NaN
6383	NaN
6384	NaN
6385	NaN
6386	NaN
6387	NaN
6388	NaN
6389	NaN
6390	NaN
6391	NaN
6392	NaN
6393	NaN
6394	NaN
6395	NaN
6396	NaN
6397	NaN
6398	NaN
6399	NaN
6400	NaN
6401	NaN
6402	NaN
6403	NaN
6404	NaN
6405	NaN
6406	NaN
6407	NaN
6408	NaN
6409	NaN
6410	NaN
6411	NaN
6412	NaN
6413	NaN
6414	NaN
6415	NaN
6416	NaN
6417	NaN
6418	NaN
6419	NaN
6420	NaN
6421	NaN
6422	NaN
6423	NaN
6424	NaN
6425	NaN
6426	NaN
6427	NaN
6428	NaN
6429	NaN
6430	NaN
6431	NaN
6432	NaN
6433	NaN
6434	NaN
6435	NaN
6436	NaN
6437	NaN
6438	NaN
6439	NaN
6440	NaN
6441	NaN
6442	NaN
6443	NaN
6444	NaN
6445	NaN
6446	NaN
6447	NaN
6448	NaN
6449	NaN
6450	NaN
6451	NaN
6452	NaN
6453	NaN
6454	NaN
6455	NaN
6456	NaN
6457	NaN
6458	NaN
6459	NaN
6460	NaN
6461	NaN
6462	NaN
6463	NaN
6464	NaN
6465	NaN
6466	NaN
6467	NaN
6468	NaN
6469	NaN
6470	NaN
6471	NaN
6472	NaN
6473	NaN
6474	NaN
6475	NaN
6476	NaN
6477	NaN
6478	NaN
6479	NaN
6480	NaN
6481	NaN
6482	NaN
6483	NaN
6484	NaN
6485	NaN
6486	NaN
6487	NaN
6488	NaN
6489	NaN
6490	NaN
6491	NaN
6492	NaN
6493	NaN
6494	NaN
6495	NaN
6496	NaN
6497	NaN
6498	NaN
6499	NaN
6500	NaN
6501	NaN
6502	NaN
6503	NaN
6504	NaN
6505	NaN
6506	NaN
6507	NaN
6508	NaN
6509	NaN
6510	NaN
6511	NaN
6512	NaN
6513	NaN
6514	NaN
6515	NaN
6516	NaN
6517	NaN
6518	NaN
6519	NaN
6520	NaN
6521	NaN
6522	NaN
6523	NaN
6524	NaN
6525	NaN
6526	NaN
6527	NaN
6528	NaN
6529	NaN
6530	NaN
6531	NaN
6532	NaN
6533	NaN
6534	NaN
6535	NaN
6536	NaN
6537	NaN
6538	NaN
6539	NaN
6540	NaN
6541	NaN
6542	NaN
6543	NaN
6544	NaN
6545	NaN
6546	NaN
6547	NaN
6548	NaN
6549	NaN
6550	NaN
6551	NaN
6552	NaN
6553	NaN
6554	NaN
6555	NaN
6556	NaN
6557	NaN
6558	NaN
6559	NaN
6560	NaN
6561	NaN
6562	NaN
6563	NaN
6564	NaN
6565	NaN
6566	NaN
6567	NaN
6568	NaN
6569	NaN
6570	NaN
6571	NaN
6572	NaN
6573	NaN
6574	NaN
6575	NaN
6576	NaN
6577	NaN
6578	NaN
6579	NaN
6580	NaN
6581	NaN
6582	NaN
6583	NaN
6584	NaN
6585	NaN
6586	NaN
6587	NaN
6588	NaN
6589	NaN
6590	NaN
6591	NaN
6592	NaN
6593	NaN
6594	NaN
6595	NaN
6596	NaN
6597	NaN
6598	NaN
6599	NaN
6600	NaN
6601	NaN
6602	NaN
6603	NaN
6604	NaN
6605	NaN
6606	NaN
6607	NaN
6608	NaN
6609	NaN
6610	NaN
6611	NaN
6612	NaN
6613	NaN
6614	NaN
6615	NaN
6616	NaN
6617	NaN
6618	NaN
6619	NaN
6620	NaN
6621	NaN
6622	NaN
6623	NaN
6624	NaN
6625	NaN
6626	NaN
6627	NaN
6628	NaN
6629	NaN
6630	NaN
6631	NaN
6632	NaN
6633	NaN
6634	NaN
6635	NaN
6636	NaN
6637	NaN
6638	NaN
6639	NaN
6640	NaN
6641	NaN
6642	NaN
6643	NaN
6644	NaN
6645	NaN
6646	NaN
6647	NaN
6648	NaN
6649	NaN
6650	NaN
6651	NaN
6652	NaN
6653	NaN
6654	NaN
6655	NaN
6656	NaN
6657	NaN
6658	NaN
6659	NaN
6660	NaN
6661	NaN
6662	NaN
6663	NaN
6664	NaN
6665	NaN
6666	NaN
6667	NaN
6668	NaN
6669	NaN
6670	NaN
6671	NaN
6672	NaN
6673	NaN
6674	NaN
6675	NaN
6676	NaN
6677	NaN
6678	NaN
6679	NaN
6680	NaN
6681	NaN
6682	NaN
6683	NaN
6684	NaN
6685	NaN
6686	NaN
6687	NaN
6688	NaN
6689	NaN
6690	NaN
6691	NaN
6692	NaN
6693	NaN
6694	NaN
6695	NaN
6696	NaN
6697	NaN
6698	NaN
6699	NaN
6700	NaN
6701	NaN
6702	NaN
6703	NaN
6704	NaN
6705	NaN
6706	NaN
6707	NaN
6708	NaN
6709	NaN
6710	NaN
6711	NaN
6712	NaN
6713	NaN
6714	NaN
6715	NaN
6716	NaN
6717	NaN
6718	NaN
6719	NaN
6720	NaN
6721	NaN
6722	NaN
6723	NaN
6724	NaN
6725	NaN
6726	NaN
6727	NaN
6728	NaN
6729	NaN
6730	NaN
6731	NaN
6732	NaN
6733	NaN
6734	NaN
6735	NaN
6736	NaN
6737	NaN
6738	NaN
6739	NaN
6740	NaN
6741	NaN
6742	NaN
6743	NaN
6744	NaN
6745	NaN
6746	NaN
6747	NaN
6748	NaN
6749	NaN
6750	NaN
6751	NaN
6752	NaN
6753	NaN
6754	NaN
6755	NaN
6756	NaN
6757	NaN
6758	NaN
6759	NaN
6760	NaN
6761	NaN
6762	NaN
6763	NaN
6764	NaN
6765	NaN
6766	NaN
6767	NaN
6768	NaN
6769	NaN
6770	NaN
6771	NaN
6772	NaN
6773	NaN
6774	NaN
6775	NaN
6776	NaN
6777	NaN
6778	NaN
6779	NaN
6780	NaN
6781	NaN
6782	NaN
6783	NaN
6784	NaN
6785	NaN
6786	NaN
6787	NaN
6788	NaN
6789	NaN
6790	NaN
6791	NaN
6792	NaN
6793	NaN
6794	NaN
6795	NaN
6796	NaN
6797	NaN
6798	NaN
6799	NaN
6800	NaN
6801	NaN
6802	NaN
6803	NaN
6804	NaN
6805	NaN
6806	NaN
6807	NaN
6808	NaN
6809	NaN
6810	NaN
6811	NaN
6812	NaN
6813	NaN
6814	NaN
6815	NaN
6816	NaN
6817	NaN
6818	NaN
6819	NaN
6820	NaN
6821	NaN
6822	NaN
6823	NaN
6824	NaN
6825	NaN
6826	NaN
6827	NaN
6828	NaN
6829	NaN
6830	NaN
6831	NaN
6832	NaN
6833	NaN
6834	NaN
6835	NaN
6836	NaN
6837	NaN
6838	NaN
6839	NaN
6840	NaN
6841	NaN
6842	NaN
6843	NaN
6844	NaN
6845	NaN
6846	NaN
6847	NaN
6848	NaN
6849	NaN
6850	NaN
6851	NaN
6852	NaN
6853	NaN
6854	NaN
6855	NaN
6856	NaN
6857	NaN
6858	NaN
6859	NaN
6860	NaN
6861	NaN
6862	NaN
6863	NaN
6864	NaN
6865	NaN
6866	NaN
6867	NaN
6868	NaN
6869	NaN
6870	NaN
6871	NaN
6872	NaN
6873	NaN
6874	NaN
6875	NaN
6876	NaN
6877	NaN
6878	NaN
6879	NaN
6880	NaN
6881	NaN
6882	NaN
6883	NaN
6884	NaN
6885	NaN
6886	NaN
6887	NaN
6888	NaN
6889	NaN
6890	NaN
6891	NaN
6892	NaN
6893	NaN
6894	NaN
6895	NaN
6896	NaN
6897	NaN
6898	NaN
6899	NaN
6900	NaN
6901	NaN
6902	NaN
6903	NaN
6904	NaN
6905	NaN
6906	NaN
6907	NaN
6908	NaN
6909	NaN
6910	NaN
6911	NaN
6912	NaN
6913	NaN
6914	NaN
6915	NaN
6916	NaN
6917	NaN
6918	NaN
6919	NaN
6920	NaN
6921	NaN
6922	NaN
6923	NaN
6924	NaN
6925	NaN
6926	NaN
6927	NaN
6928	NaN
6929	NaN
6930	NaN
6931	NaN
6932	NaN
6933	NaN
6934	NaN
6935	NaN
6936	NaN
6937	NaN
6938	NaN
6939	NaN
6940	NaN
6941	NaN
6942	NaN
6943	NaN
6944	NaN
6945	NaN
6946	NaN
6947	NaN
6948	NaN
6949	NaN
6950	NaN
6951	NaN
6952	NaN
6953	NaN
6954	NaN
6955	NaN
6956	NaN
6957	NaN
6958	NaN
6959	NaN
6960	NaN
6961	NaN
6962	NaN
6963	NaN
6964	NaN
6965	NaN
6966	NaN
6967	NaN
6968	NaN
6969	NaN
6970	NaN
6971	NaN
6972	NaN
6973	NaN
6974	NaN
6975	NaN
6976	NaN
6977	NaN
6978	NaN
6979	NaN
6980	NaN
6981	NaN
6982	NaN
6983	NaN
6984	NaN
6985	NaN
6986	NaN
6987	NaN
6988	NaN
6989	NaN
6990	NaN
6991	NaN
6992	NaN
6993	NaN
6994	NaN
6995	NaN
6996	NaN
6997	NaN
6998	NaN
6999	NaN
7000	NaN
7001	NaN
7002	NaN
7003	NaN
7004	NaN
7005	NaN
7006	NaN
7007	NaN
7008	NaN
7009	NaN
7010	NaN
7011	NaN
7012	NaN
7013	NaN
7014	NaN
7015	NaN
7016	NaN
7017	NaN
7018	NaN
7019	NaN
7020	NaN
7021	NaN
7022	NaN
7023	NaN
7024	NaN
7025	NaN
7026	NaN
7027	NaN
7028	NaN
7029	NaN
7030	NaN
7031	NaN
7032	NaN
7033	NaN
7034	NaN
7035	NaN
7036	NaN
7037	NaN
7038	NaN
7039	NaN
7040	NaN
7041	NaN
7042	NaN
7043	NaN
7044	NaN
7045	NaN
7046	NaN
7047	NaN
7048	NaN
7049	NaN
7050	NaN
7051	NaN
7052	NaN
7053	NaN
7054	NaN
7055	NaN
7056	NaN
7057	NaN
7058	NaN
7059	NaN
7060	NaN
7061	NaN
7062	NaN
7063	NaN
7064	NaN
7065	NaN
7066	NaN
7067	NaN
7068	NaN
7069	NaN
7070	NaN
7071	NaN
7072	NaN
7073	NaN
7074	NaN
7075	NaN
7076	NaN
7077	NaN
7078	NaN
7079	NaN
7080	NaN
7081	NaN
7082	NaN
7083	NaN
7084	NaN
7085	NaN
7086	NaN
7087	NaN
7088	NaN
7089	NaN
7090	NaN
7091	NaN
7092	NaN
7093	NaN
7094	NaN
7095	NaN
7096	NaN
7097	NaN
7098	NaN
7099	NaN
7100	NaN
7101	NaN
7102	NaN
7103	NaN
7104	NaN
7105	NaN
7106	NaN
7107	NaN
7108	NaN
7109	NaN
7110	NaN
7111	NaN
7112	NaN
7113	NaN
7114	NaN
7115	NaN
7116	NaN
7117	NaN
7118	NaN
7119	NaN
7120	NaN
7121	NaN
7122	NaN
7123	NaN
7124	NaN
7125	NaN
7126	NaN
7127	NaN
7128	NaN
7129	NaN
7130	NaN
7131	NaN
7132	NaN
7133	NaN
7134	NaN
7135	NaN
7136	NaN
7137	NaN
7138	NaN
7139	NaN
7140	NaN
7141	NaN
7142	NaN
7143	NaN
7144	NaN
7145	NaN
7146	NaN
7147	NaN
7148	NaN
7149	NaN
7150	NaN
7151	NaN
7152	NaN
7153	NaN
7154	NaN
7155	NaN
7156	NaN
7157	NaN
7158	NaN
7159	NaN
7160	NaN
7161	NaN
7162	NaN
7163	NaN
7164	NaN
7165	NaN
7166	NaN
7167	NaN
7168	NaN
7169	NaN
7170	NaN
7171	NaN
7172	NaN
7173	NaN
7174	NaN
7175	NaN
7176	NaN
7177	NaN
7178	NaN
7179	NaN
7180	NaN
7181	NaN
7182	NaN
7183	NaN
7184	NaN
7185	NaN
7186	NaN
7187	NaN
7188	NaN
7189	NaN
7190	NaN
7191	NaN
7192	NaN
7193	NaN
7194	NaN
7195	NaN
7196	NaN
7197	NaN
7198	NaN
7199	NaN
7200	NaN
7201	NaN
7202	NaN
7203	NaN
7204	NaN
7205	NaN
7206	NaN
7207	NaN
7208	NaN
7209	NaN
7210	NaN
7211	NaN
7212	NaN
7213	NaN
7214	NaN
7215	NaN
7216	NaN
7217	NaN
7218	NaN
7219	NaN
7220	NaN
7221	NaN
7222	NaN
7223	NaN
7224	NaN
7225	NaN
7226	NaN
7227	NaN
7228	NaN
7229	NaN
7230	NaN
7231	NaN
7232	NaN
7233	NaN
7234	NaN
7235	NaN
7236	NaN
7237	NaN
7238	NaN
7239	NaN
7240	NaN
7241	NaN
7242	NaN
7243	NaN
7244	NaN
7245	NaN
7246	NaN
7247	NaN
7248	NaN
7249	NaN
7250	NaN
7251	NaN
7252	NaN
7253	NaN
7254	NaN
7255	NaN
7256	NaN
7257	NaN
7258	NaN
7259	NaN
7260	NaN
7261	NaN
7262	NaN
7263	NaN
7264	NaN
7265	NaN
7266	NaN
7267	NaN
7268	NaN
7269	NaN
7270	NaN
7271	NaN
7272	NaN
7273	NaN
7274	NaN
7275	NaN
7276	NaN
7277	NaN
7278	NaN
7279	NaN
7280	NaN
7281	NaN
7282	NaN
7283	NaN
7284	NaN
7285	NaN
7286	NaN
7287	NaN
7288	NaN
7289	NaN
7290	NaN
7291	NaN
7292	NaN
7293	NaN
7294	NaN
7295	NaN
7296	NaN
7297	NaN
7298	NaN
7299	NaN
7300	NaN
7301	NaN
7302	NaN
7303	NaN
7304	NaN
7305	NaN
7306	NaN
7307	NaN
7308	NaN
7309	NaN
7310	NaN
7311	NaN
7312	NaN
7313	NaN
7314	NaN
7315	NaN
7316	NaN
7317	NaN
7318	NaN
7319	NaN
7320	NaN
7321	NaN
7322	NaN
7323	NaN
7324	NaN
7325	NaN
7326	NaN
7327	NaN
7328	NaN
7329	NaN
7330	NaN
7331	NaN
7332	NaN
7333	NaN
7334	NaN
7335	NaN
7336	NaN
7337	NaN
7338	NaN
7339	NaN
7340	NaN
7341	NaN
7342	NaN
7343	NaN
7344	NaN
7345	NaN
7346	NaN
7347	NaN
7348	NaN
7349	NaN
7350	NaN
7351	NaN
7352	NaN
7353	NaN
7354	NaN
7355	NaN
7356	NaN
7357	NaN
7358	NaN
7359	NaN
7360	NaN
7361	NaN
7362	NaN
7363	NaN
7364	NaN
7365	NaN
7366	NaN
7367	NaN
7368	NaN
7369	NaN
7370	NaN
7371	NaN
7372	0.0338
7373	0.0591375
7374	0.05273
7375	0.0516704166666667
7376	0.08530125
7377	0.0866133333333333
7378	0.0903625
7379	0.0867970833333333
7380	0.0904416666666667
7381	0.0856708333333333
7382	0.0873373913043479
7383	0.346230769230769
7384	0.526291666666667
7385	0.485425
7386	0.44215
7387	0.418154166666667
7388	0.451966666666667
7389	0.581429166666667
7390	0.575325
7391	0.5319375
7392	0.491795833333333
7393	0.487008333333333
7394	0.467708333333333
7395	0.453283333333333
7396	0.446370833333333
7397	0.438745833333333
7398	0.441966666666667
7399	0.445816666666667
7400	0.441529166666667
7401	0.4402375
7402	0.4327125
7403	0.442570833333333
7404	0.446566666666667
7405	0.43985
7406	0.443266666666667
7407	0.42865
7408	0.439954166666667
7409	0.4360125
7410	0.4291625
7411	0.427179166666667
7412	0.433116666666667
7413	0.434629166666667
7414	0.4300375
7415	0.441470833333333
7416	0.437395833333333
7417	0.4452
7418	0.515554166666667
7419	0.502783333333333
7420	0.501366666666667
7421	0.528483333333333
7422	0.578120833333333
7423	0.5764
7424	0.570845833333333
7425	0.5658
7426	0.5624
7427	0.561116666666667
7428	0.558545833333333
7429	0.554770833333333
7430	0.550754166666667
7431	0.5490125
7432	0.545008333333333
7433	0.519916666666667
7434	0.522325
7435	0.520954166666667
7436	0.528241666666667
7437	0.526433333333333
7438	0.537845833333333
7439	0.5440625
7440	0.535825
7441	0.55769
7442	0.574533333333333
7443	0.642204166666667
7444	0.668016666666667
7445	0.679745833333333
7446	0.7022875
7447	0.69785
7448	0.6891875
7449	0.670759090909091
7450	0.681204166666667
7451	0.690020833333333
7452	0.692145833333333
7453	0.684495833333334
7454	0.686020833333333
7455	0.676429166666667
7456	0.649560869565217
7457	0.652958333333333
7458	0.6520375
7459	0.652204166666667
7460	0.654054166666666
7461	0.6519375
7462	0.647675
7463	0.669491304347826
7464	0.6744125
7465	0.673754166666667
7466	0.673170833333333
7467	0.685158333333333
7468	0.682166666666667
7469	0.647545833333333
7470	0.652006666666667
7471	0.652708695652174
7472	0.650633333333333
7473	0.6777625
7474	0.674816666666667
7475	0.671204166666667
7476	0.670925
7477	0.671283333333333
7478	0.6960625
7479	0.7312875
7480	0.729175
7481	0.730108333333333
7482	0.737341666666667
7483	0.7456875
7484	0.741958333333333
7485	0.738020833333333
7486	0.733004166666666
7487	0.728345833333333
7488	0.721483333333333
7489	0.7167375
7490	0.723325
7491	0.7210125
7492	0.698516666666667
7493	0.719125
7494	0.735541666666667
7495	0.774186956521739
7496	0.7875125
7497	0.7773375
7498	0.759795833333333
7499	0.7649125
7500	0.768954166666667
7501	0.769725
7502	0.771466666666667
7503	0.765008333333333
7504	0.772354166666667
7505	0.7743
7506	0.769804166666667
7507	0.76295
7508	0.75285
7509	0.756875
7510	0.759070833333333
7511	0.783908333333333
7512	0.7841125
7513	0.78195
7514	0.78095
7515	0.781845833333333
7516	0.777695833333333
7517	0.778029166666667
7518	0.779791666666667
7519	0.781629166666667
7520	0.7772
7521	0.779158333333333
7522	0.795645833333333
7523	0.782991666666667
7524	0.777954166666667
7525	0.778720833333333
7526	0.779383333333333
7527	0.778591666666667
7528	0.7806375
7529	0.7761875
7530	0.775866666666667
7531	0.776625
7532	0.775645833333333
7533	0.777441666666667
7534	0.775595833333333
7535	0.7745
7536	0.773395833333333
7537	0.773583333333333
7538	0.773629166666666
7539	0.772275
7540	0.774945833333333
7541	0.792575
7542	0.800404166666666
7543	0.817420833333333
7544	0.826125
7545	0.817333333333333
7546	0.771508333333333
7547	0.766420833333333
7548	0.766825
7549	0.76685
7550	0.768079166666667
7551	0.770604166666667
7552	0.779595833333334
7553	0.783204166666667
7554	0.787625
7555	0.78965
7556	0.814820833333333
7557	0.811875
7558	0.817458333333333
7559	0.823625
7560	0.825583333333333
7561	0.82325
7562	0.823833333333333
7563	0.822666666666667
7564	0.818166666666667
7565	0.821666666666667
7566	0.816541666666667
7567	0.817866666666667
7568	0.808325
7569	0.803425
7570	0.804254166666667
7571	0.809079166666666
7572	0.824625
7573	0.8133125
7574	0.838791666666667
7575	0.862708333333333
7576	0.86025
7577	0.862375
7578	0.857541666666667
7579	0.852958333333333
7580	0.851
7581	0.841375
7582	0.834916666666667
7583	0.866833333333333
7584	0.864791666666667
7585	0.857916666666667
7586	0.859833333333333
7587	0.861791666666667
7588	0.860208333333333
7589	0.860875
7590	0.867291666666667
7591	0.869708333333333
7592	0.869208333333333
7593	0.861041666666667
7594	0.85525
7595	0.857083333333333
7596	0.857375
7597	0.846916666666667
7598	0.837041666666666
7599	0.831583333333333
7600	0.834125
7601	0.826375
7602	0.8086
7603	0.7986125
7604	0.7911125
7605	0.78705
7606	0.772783333333333
7607	0.7554625
7608	0.757541666666667
7609	0.739433333333333
7610	0.69715
7611	0.636558333333333
7612	0.559779166666667
7613	0.478829166666667
7614	0.4078375
7615	0.363979166666667
7616	0.346654166666667
7617	0.360254166666667
7618	0.353516666666667
7619	0.326933333333333
7620	0.2537
7621	0.152509583333333
7622	0.0507976470588235
7623	NaN
7624	NaN
7625	NaN
7626	NaN
7627	NaN
7628	NaN
7629	NaN
7630	NaN
7631	NaN
7632	NaN
7633	NaN
7634	NaN
7635	NaN
7636	NaN
7637	NaN
7638	NaN
7639	NaN
7640	NaN
7641	NaN
7642	NaN
7643	NaN
7644	NaN
7645	NaN
7646	NaN
7647	NaN
7648	NaN
7649	NaN
7650	NaN
7651	NaN
7652	NaN
7653	NaN
7654	NaN
7655	NaN
7656	NaN
7657	NaN
7658	NaN
7659	NaN
7660	NaN
7661	NaN
7662	NaN
7663	NaN
7664	NaN
7665	NaN
7666	NaN
7667	NaN
7668	NaN
7669	NaN
7670	NaN
7671	NaN
7672	NaN
7673	NaN
7674	NaN
7675	NaN
7676	NaN
7677	NaN
7678	NaN
7679	NaN
7680	NaN
7681	NaN
7682	NaN
7683	NaN
7684	NaN
7685	NaN
7686	NaN
7687	NaN
7688	NaN
7689	NaN
7690	NaN
7691	NaN
7692	NaN
7693	NaN
7694	NaN
7695	NaN
7696	NaN
7697	NaN
7698	NaN
7699	NaN
7700	NaN
7701	NaN
7702	NaN
7703	NaN
7704	NaN
7705	NaN
7706	NaN
7707	NaN
7708	NaN
7709	NaN
7710	NaN
7711	NaN
7712	NaN
7713	NaN
7714	NaN
7715	NaN
7716	NaN
7717	NaN
7718	NaN
7719	NaN
7720	NaN
7721	NaN
7722	NaN
7723	NaN
7724	NaN
7725	NaN
7726	NaN
7727	NaN
7728	NaN
7729	NaN
7730	NaN
7731	NaN
7732	NaN
7733	NaN
7734	NaN
7735	NaN
7736	NaN
7737	NaN
7738	NaN
7739	NaN
7740	NaN
7741	NaN
7742	NaN
7743	NaN
7744	NaN
7745	NaN
7746	0.0228875
7747	0.0650116666666667
7748	0.103941666666667
7749	0.100845833333333
7750	0.119933333333333
7751	0.140433333333333
7752	0.15044347826087
7753	0.155445833333333
7754	0.141725
7755	0.142741666666667
7756	0.145220833333333
7757	0.1400375
7758	0.111666666666667
7759	0.11495
7760	0.1112625
7761	0.104104166666667
7762	0.0959391666666667
7763	0.0954708333333333
7764	0.105754166666667
7765	0.115258333333333
7766	0.110670833333333
7767	0.101066666666667
7768	0.0945791666666667
7769	0.0951320833333334
7770	0.119329166666667
7771	0.102708333333333
7772	0.112554166666667
7773	0.1085
7774	0.129320833333333
7775	0.2974875
7776	0.36435
7777	0.343895833333333
7778	0.315625
7779	0.367480952380952
7780	NaN
7781	0.465535
7782	0.4731
7783	0.458635294117647
7784	0.451179166666667
7785	0.4424875
7786	0.437925
7787	0.434058333333333
7788	0.430345833333333
7789	0.427458333333333
7790	0.426670833333333
7791	0.4248
7792	0.412354166666667
7793	0.4251
7794	0.4242625
7795	0.4195875
7796	0.416620833333333
7797	0.4111375
7798	0.406254166666667
7799	0.398254166666667
7800	0.363425
7801	0.416813636363636
7802	0.412758333333333
7803	0.417308333333333
7804	0.4202625
7805	0.419595833333333
7806	0.410520833333333
7807	0.401933333333333
7808	0.391320833333333
7809	0.399820833333333
7810	0.3844625
7811	0.336482352941176
7812	0.326108333333333
7813	0.3368875
7814	NaN
7815	NaN
7816	NaN
7817	0.3834
7818	NaN
7819	NaN
7820	0.436625
7821	0.433891666666667
7822	0.435104166666667
7823	0.435525
7824	0.436258333333333
7825	0.437883333333333
7826	0.436841666666667
7827	0.4357625
7828	0.4359125
7829	0.432504166666667
7830	0.432729166666667
7831	0.417095833333333
7832	0.429625
7833	0.427358333333333
7834	0.408858333333333
7835	0.39292
7836	NaN
7837	0.44955
7838	0.466704166666667
7839	0.481533333333333
7840	0.48635
7841	0.481991666666667
7842	0.474833333333333
7843	0.4660875
7844	0.483766666666667
7845	0.570591666666667
7846	0.577666666666667
7847	0.574258333333333
7848	0.591604166666667
7849	0.710883333333333
7850	0.756645833333333
7851	0.730308333333333
7852	0.758995833333333
7853	0.758366666666666
7854	0.757729166666667
7855	0.752183333333333
7856	0.748791666666667
7857	0.824416666666666
7858	0.878791666666667
7859	0.854291666666666
7860	0.845666666666667
7861	0.850833333333333
7862	0.841208333333333
7863	0.844041666666667
7864	0.846458333333333
7865	0.838208333333333
7866	0.8314
7867	0.847047619047619
7868	0.837791666666666
7869	0.833
7870	0.838625
7871	0.854391304347826
7872	0.872304347826087
7873	0.90075
7874	0.894541666666667
7875	0.862958333333333
7876	0.899125
7877	0.884291666666667
7878	0.888833333333333
7879	0.873258333333334
7880	0.894875
7881	0.994166666666666
7882	0.863416666666666
7883	0.884125
7884	0.884791666666667
7885	0.89525
7886	0.895291666666667
7887	0.89875
7888	0.898458333333333
7889	0.896666666666667
7890	0.89575
7891	0.903583333333333
7892	0.941375
7893	0.97225
7894	0.979666666666666
7895	0.969083333333333
7896	0.974333333333333
7897	0.968916666666667
7898	0.966666666666667
7899	0.96075
7900	0.918833333333333
7901	0.9325
7902	0.980541666666667
7903	0.999416666666667
7904	1.08704166666667
7905	1.06491666666667
7906	1.05304166666667
7907	1.04204166666667
7908	0.968166666666667
7909	1.01054166666667
7910	1.00966666666667
7911	0.996458333333333
7912	1.02554166666667
7913	1.02370833333333
7914	1.046875
7915	1.154625
7916	1.16816666666667
7917	1.17470833333333
7918	1.186375
7919	1.17379166666667
7920	1.15908333333333
7921	1.15375
7922	1.14945833333333
7923	1.14229166666667
7924	1.13766666666667
7925	1.13316666666667
7926	1.129875
7927	1.12516666666667
7928	1.12716666666667
7929	1.13029166666667
7930	1.12691666666667
7931	1.12558333333333
7932	1.1215
7933	1.12520833333333
7934	1.12233333333333
7935	1.11758333333333
7936	1.109375
7937	1.11054166666667
7938	1.108875
7939	1.10954166666667
7940	1.11020833333333
7941	1.10733333333333
7942	1.109875
7943	1.107125
7944	1.10495833333333
7945	1.10520833333333
7946	1.10375
7947	1.103875
7948	1.09958333333333
7949	1.09325
7950	1.08954166666667
7951	1.09020833333333
7952	1.0905
7953	1.09095833333333
7954	1.08966666666667
7955	1.08875
7956	1.08645833333333
7957	1.086625
7958	1.08366666666667
7959	1.08266666666667
7960	1.08208333333333
7961	1.08104166666667
7962	1.07341666666667
7963	1.063875
7964	1.058375
7965	1.07220833333333
7966	1.078875
7967	1.07725
7968	1.073875
7969	1.06870833333333
7970	1.061875
7971	1.058
7972	1.0315
7973	0.996875
7974	0.994083333333334
7975	0.990791666666667
7976	1.01158333333333
7977	0.998458333333333
7978	0.983833333333333
7979	0.974
7980	0.964125
7981	0.946916666666667
7982	0.907583333333333
7983	0.858458333333333
7984	0.790079166666667
7985	0.7674125
7986	0.756513043478261
7987	0.737539130434783
7988	0.7156
7989	0.677029166666667
7990	0.620004166666667
7991	0.56425
7992	0.5499375
7993	0.507008333333334
7994	0.4430375
7995	0.366341666666667
7996	0.303995833333333
7997	0.230975
7998	0.141107916666667
7999	0.055286875
8000	NaN
8001	NaN
8002	NaN
8003	NaN
8004	NaN
8005	NaN
8006	NaN
8007	NaN
8008	NaN
8009	NaN
8010	NaN
8011	NaN
8012	NaN
8013	NaN
8014	NaN
8015	NaN
8016	NaN
8017	NaN
8018	NaN
8019	NaN
8020	NaN
8021	NaN
8022	NaN
8023	NaN
8024	NaN
8025	NaN
8026	NaN
8027	NaN
8028	NaN
8029	NaN
8030	NaN
8031	NaN
8032	NaN
8033	NaN
8034	NaN
8035	NaN
8036	NaN
8037	NaN
8038	NaN
8039	NaN
8040	NaN
8041	NaN
8042	NaN
8043	NaN
8044	NaN
8045	NaN
8046	NaN
8047	NaN
8048	NaN
8049	NaN
8050	NaN
8051	NaN
8052	NaN
8053	NaN
8054	NaN
8055	NaN
8056	NaN
8057	NaN
8058	NaN
8059	NaN
8060	NaN
8061	NaN
8062	NaN
8063	NaN
8064	NaN
8065	NaN
8066	NaN
8067	NaN
8068	NaN
8069	NaN
8070	NaN
8071	NaN
8072	NaN
8073	NaN
8074	NaN
8075	NaN
8076	NaN
8077	NaN
8078	NaN
8079	NaN
8080	NaN
8081	NaN
8082	NaN
8083	NaN
8084	NaN
8085	NaN
8086	NaN
8087	NaN
8088	NaN
8089	NaN
8090	NaN
8091	NaN
8092	NaN
8093	NaN
8094	NaN
8095	NaN
8096	NaN
8097	NaN
8098	NaN
8099	NaN
8100	NaN
8101	NaN
8102	NaN
8103	NaN
8104	NaN
8105	NaN
8106	NaN
8107	NaN
8108	NaN
8109	NaN
8110	NaN
8111	NaN
8112	NaN
8113	NaN
8114	NaN
8115	NaN
8116	NaN
8117	NaN
8118	0
8119	0
8120	0
8121	0
8122	0
8123	0
8124	0
8125	0.00283916666666667
8126	0.0315454166666667
8127	0.0260679166666667
8128	0.024065
8129	0.0231845833333333
8130	0.02123125
8131	0.0199891666666667
8132	0.0689416666666667
8133	0.1388625
8134	0.1357625
8135	0.200875
8136	0.174466666666667
8137	0.421458333333333
8138	0.423516666666667
8139	0.345966666666666
8140	0.307295833333333
8141	0.289229166666667
8142	0.355558333333333
8143	0.429625
8144	0.403179166666667
8145	0.489725
8146	0.429220833333333
8147	0.505325
8148	0.461808333333333
8149	0.450070833333333
8150	0.441695833333333
8151	0.427225
8152	0.425354166666667
8153	0.4541125
8154	0.508658333333333
8155	0.616229166666667
8156	0.6714625
8157	0.622008333333333
8158	0.6304
8159	0.644929166666667
8160	0.669908333333333
8161	0.748625
8162	0.743745833333333
8163	0.858266666666667
8164	0.852041666666667
8165	0.825125
8166	0.890333333333333
8167	0.963541666666667
8168	0.905833333333333
8169	0.890833333333333
8170	0.882791666666667
8171	0.815983333333333
8172	0.743879166666667
8173	0.7400875
8174	0.8478125
8175	0.958958333333333
8176	0.928833333333333
8177	0.912583333333333
8178	0.899416666666667
8179	0.881291666666667
8180	0.8445
8181	0.858083333333334
8182	0.863041666666667
8183	0.849041666666667
8184	0.836583333333333
8185	0.890625
8186	0.924916666666666
8187	0.941583333333333
8188	0.930208333333333
8189	0.919666666666667
8190	0.913928571428571
8191	0.90545
8192	0.934291666666667
8193	0.932666666666667
8194	0.922458333333333
8195	0.908666666666667
8196	0.903166666666667
8197	0.905666666666667
8198	0.901666666666667
8199	0.896208333333333
8200	0.907875
8201	0.903833333333333
8202	0.900041666666667
8203	0.894458333333333
8204	0.887708333333333
8205	0.883833333333333
8206	0.881541666666667
8207	0.884875
8208	0.942083333333333
8209	0.928875
8210	0.9445
8211	0.93025
8212	0.930833333333333
8213	0.914416666666667
8214	0.890625
8215	0.889625
8216	0.87725
8217	0.871166666666667
8218	0.888208333333333
8219	0.877625
8220	0.908291666666667
8221	0.934541666666667
8222	0.931291666666667
8223	0.931791666666667
8224	0.968625
8225	0.889583333333333
8226	0.87925
8227	0.882583333333333
8228	0.871041666666667
8229	0.888416666666667
8230	0.963916666666667
8231	0.959625
8232	0.955208333333334
8233	0.96655
8234	0.953642857142857
8235	0.961761904761905
8236	1.05117647058824
8237	1.043125
8238	0.972583333333333
8239	0.960875
8240	1.03804166666667
8241	1.04570833333333
8242	1.02416666666667
8243	1.02283333333333
8244	1.00047826086957
8245	1.010375
8246	1.01075
8247	0.99025
8248	0.979083333333334
8249	0.990208333333334
8250	0.983916666666667
8251	0.983083333333333
8252	0.94925
8253	0.866833333333334
8254	0.878958333333333
8255	1.03991666666667
8256	0.92025
8257	1.013375
8258	0.998208333333333
8259	0.984166666666667
8260	0.975208333333333
8261	1.0295
8262	1.07225
8263	1.10670833333333
8264	1.09904166666667
8265	1.15020833333333
8266	1.141875
8267	1.176125
8268	1.17216666666667
8269	1.17583333333333
8270	1.184625
8271	1.181375
8272	1.17325
8273	1.16325
8274	1.157875
8275	1.155
8276	1.15154166666667
8277	1.14691666666667
8278	1.14408333333333
8279	1.14333333333333
8280	1.138375
8281	1.13991666666667
8282	1.137
8283	1.13570833333333
8284	1.13316666666667
8285	1.16683333333333
8286	1.176375
8287	1.17058333333333
8288	1.171625
8289	1.21566666666667
8290	1.21641666666667
8291	1.21375
8292	1.221875
8293	1.205
8294	1.19833333333333
8295	1.19995833333333
8296	1.19033333333333
8297	1.169625
8298	1.17316666666667
8299	1.173125
8300	1.17208333333333
8301	1.21166666666667
8302	1.34575
8303	1.341125
8304	1.32429166666667
8305	1.309875
8306	1.296875
8307	1.28029166666667
8308	1.27175
8309	1.26879166666667
8310	1.262125
8311	1.25341666666667
8312	1.25054166666667
8313	1.27441666666667
8314	1.28154166666667
8315	1.278125
8316	1.27416666666667
8317	1.26379166666667
8318	1.25979166666667
8319	1.25829166666667
8320	1.25341666666667
8321	1.257625
8322	1.2575
8323	1.25829166666667
8324	1.26079166666667
8325	1.264625
8326	1.258
8327	1.2535
8328	1.249
8329	1.24970833333333
8330	1.24945833333333
8331	1.24608333333333
8332	1.239375
8333	1.24970833333333
8334	1.23079166666667
8335	1.22408333333333
8336	1.26591666666667
8337	1.31404166666667
8338	1.32191666666667
8339	1.31008333333333
8340	1.29291666666667
8341	1.255625
8342	1.18558333333333
8343	1.10225
8344	1.06654166666667
8345	1.05041666666667
8346	1.033
8347	1.01166666666667
8348	1.15195833333333
8349	1.09254166666667
8350	1.04370833333333
8351	1.03054166666667
8352	1.01466666666667
8353	1.00241666666667
8354	0.984625
8355	0.945583333333333
8356	0.908291666666666
8357	0.882875
8358	0.845708333333333
8359	0.8008875
8360	0.745404166666667
8361	0.679258333333333
8362	0.6127125
8363	0.558233333333333
8364	0.492983333333333
8365	0.404566666666667
8366	0.294195833333333
8367	0.193916666666667
8368	0.0924629166666667
8369	0.030811052631579
8370	NaN
8371	NaN
8372	NaN
8373	NaN
8374	NaN
8375	NaN
8376	NaN
8377	NaN
8378	NaN
8379	NaN
8380	NaN
8381	NaN
8382	NaN
8383	NaN
8384	NaN
8385	NaN
8386	NaN
8387	NaN
8388	NaN
8389	NaN
8390	NaN
8391	NaN
8392	NaN
8393	NaN
8394	NaN
8395	NaN
8396	NaN
8397	NaN
8398	NaN
8399	NaN
8400	NaN
8401	NaN
8402	NaN
8403	NaN
8404	NaN
8405	NaN
8406	NaN
8407	NaN
8408	NaN
8409	NaN
8410	NaN
8411	NaN
8412	NaN
8413	NaN
8414	NaN
8415	NaN
8416	NaN
8417	NaN
8418	NaN
8419	NaN
8420	NaN
8421	NaN
8422	NaN
8423	NaN
8424	NaN
8425	NaN
8426	NaN
8427	NaN
8428	NaN
8429	NaN
8430	NaN
8431	NaN
8432	NaN
8433	NaN
8434	NaN
8435	NaN
8436	NaN
8437	NaN
8438	NaN
8439	NaN
8440	NaN
8441	NaN
8442	NaN
8443	NaN
8444	NaN
8445	NaN
8446	NaN
8447	NaN
8448	NaN
8449	NaN
8450	NaN
8451	NaN
8452	NaN
8453	NaN
8454	NaN
8455	NaN
8456	NaN
8457	NaN
8458	NaN
8459	NaN
8460	NaN
8461	NaN
8462	NaN
8463	NaN
8464	NaN
8465	NaN
8466	NaN
8467	NaN
8468	NaN
8469	NaN
8470	NaN
8471	NaN
8472	NaN
8473	NaN
8474	NaN
8475	NaN
8476	0.0368209090909091
8477	0.0641834782608696
8478	0.0444629166666667
8479	0.0388720833333333
8480	0.0230025
8481	0.00641083333333333
8482	0.0080125
8483	0.00643958333333333
8484	0.00937333333333333
8485	0.00216
8486	0.00562173913043478
8487	0.00175625
8488	0.00296708333333333
8489	0.00507541666666667
8490	0.0020875
8491	0.0120241666666667
8492	0.0125583333333333
8493	0.00571875
8494	0.00418583333333333
8495	0.0024625
8496	0.01497
8497	0.00718375
8498	0.0514940909090909
8499	0.0610330434782609
8500	0.0490166666666667
8501	0.05472625
8502	0.04919875
8503	0.0402395833333333
8504	0.030155
8505	0.0260745833333333
8506	0.0441420833333333
8507	0.0309916666666667
8508	0.0293873913043478
8509	0.0330116666666667
8510	0.05768875
8511	0.0739829166666667
8512	0.119992916666667
8513	0.1570625
8514	0.14922380952381
8515	0.151095833333333
8516	0.147
8517	0.128016666666667
8518	0.122475
8519	0.1132875
8520	0.123879166666667
8521	0.133192857142857
8522	0.345788888888889
8523	0.306766666666667
8524	0.356442857142857
8525	0.279019047619048
8526	0.2718
8527	NaN
8528	NaN
8529	NaN
8530	NaN
8531	0.325
8532	0.324104166666667
8533	0.319770833333333
8534	0.316216666666667
8535	0.299483333333333
8536	0.317752380952381
8537	0.341205
8538	NaN
8539	NaN
8540	NaN
8541	NaN
8542	0.390841666666667
8543	0.465977777777778
8544	0.375733333333333
8545	0.341173913043478
8546	0.417745454545455
8547	0.4136625
8548	0.4068
8549	0.382341666666667
8550	0.388021739130435
8551	0.379692857142857
8552	0.341457142857143
8553	0.347515789473684
8554	0.342295652173913
8555	0.435925
8556	0.3748
8557	0.283093333333333
8558	0.360538461538462
8559	0.364163157894737
8560	0.402635714285714
8561	0.33145
8562	0.3358
8563	0.383075
8564	0.379405263157895
8565	0.393357894736842
8566	0.415516666666667
8567	0.396575
8568	0.445881818181818
8569	NaN
8570	0.421633333333333
8571	0.421233333333333
8572	0.421
8573	0.389891304347826
8574	0.344855555555556
8575	0.3689
8576	0.411683333333333
8577	NaN
